0 0.19934426229508195 0.2574134790528233 0.22826958105646633 0.2652094717668488
0 0.3962962962962963 0.11387978142076503 0.2421372191863995 0.22331511839708562
0 0.6155616272009714 0.2775409836065574 0.2851608986035215 0.2595628415300547
0 0.4472252580449302 0.47404371584699445 0.22321797207043112 0.17996357012750464
0 0.4147298117789921 0.5913661202185793 0.21811778992106867 0.20426229508196725
0 0.6220582877959927 0.6922768670309654 0.27743776563448685 0.2395992714025501
0 0.44612021857923495 0.8159744990892532 0.24408014571949002 0.25610200364298735
0 0.6263509411050394 0.9172677595628415 0.22319368548876747 0.12437158469945375
0 0.2103339404978749 0.47060109289617486 0.20529447480267154 0.20859744990892526
0 0.2490649666059502 0.7220036429872495 0.2215057680631451 0.2338433515482695
0 0.648287795992714 0.4692167577413479 0.24059502125075902 0.22488160291438986
0 0.8122100789313903 0.3230418943533698 0.23595628415300557 0.2017850637522769
0 0.8189131754705524 0.11249544626593806 0.2514996964177292 0.22499089253187612
0 0.9415361262902247 0.4036612021857924 0.11692774741955075 0.25030965391621124
0 0.18656952034001215 0.048142076502732244 0.20592592592592593 0.09628415300546449