0 0.8174994176566504 0.31095387840670863 0.26136734218495233 0.28718844630794316
0 0.6577393431167016 0.15241672490100164 0.26727230375029115 0.249685534591195
0 0.42252504076403447 0.2834090379687864 0.31498951781970635 0.2919170743070114
0 0.5460342417889588 0.49011763335662706 0.2414861402282786 0.20653389238294909
0 0.5557651991614256 0.605217796412765 0.24105520614954581 0.22849988353133013
0 0.34318075937572795 0.6782378290239925 0.30449569065921267 0.27119729792685776
0 0.4867458653622176 0.8160610295830422 0.27519217330538087 0.28131842534358265
0 0.29701257861635216 0.9025331935709293 0.2367109247612392 0.17499417656650362
0 0.7693279757745166 0.5133298392732355 0.23013044491031923 0.22974609829955756
0 0.6888248311204286 0.7488469601677149 0.25038434661076164 0.25703470766363834
0 0.3582809224318658 0.46271255532261824 0.2657815047752155 0.2512112741672491
0 0.22988586070347075 0.3048159795015141 0.2583508036338225 0.22901234567901227
0 0.2604763568600047 0.11437223386908922 0.2777894246447705 0.22874446773817844
0 0.08582576286978802 0.36362683438155136 0.17165152573957604 0.2633123689727464
0 0.8694269741439552 0.09669228977405078 0.21851851851851867 0.15718611693454462