0 0.203125 0.27496875 0.203125 0.24446874999999996
0 0.3984375 0.147 0.21875 0.203375
0 0.59765625 0.31189062500000003 0.2578125 0.23628125000000005
0 0.426171875 0.491421875 0.20390625 0.16176562499999997
0 0.389265625 0.601234375 0.196484375 0.18604687500000008
0 0.58065625 0.70634375 0.251171875 0.21659375
0 0.40625 0.81646875 0.21875 0.23373437499999997
0 0.571875 0.9328125 0.20625 0.134375
0 0.2015625 0.478484375 0.184375 0.19054687500000003
0 0.22421875 0.7185937499999999 0.1984375 0.21374999999999994
0 0.61796875 0.495140625 0.2171875 0.20435937499999995
0 0.78184375 0.36346875 0.213671875 0.18317187500000004
0 0.80078125 0.15462499999999998 0.2265625 0.222515625
0 0.92578125 0.446640625 0.1484375 0.23234375000000002
0 0.203328125 0.05879687499999999 0.191015625 0.117578125