0 0.8393284106891701 0.8685126582278483 0.16902250351617454 0.14694092827004238
0 0.8419127988748243 0.7216244725738397 0.18157524613220802 0.18090717299578066
0 0.851599859353024 0.556909282700422 0.1645218002812941 0.18765822784810113
0 0.8614099859353023 0.4071729957805908 0.14687060478199696 0.14546413502109715
0 0.868653305203938 0.24419831223628694 0.15460618846694812 0.17753164556962023
0 0.8744901547116736 0.08264767932489452 0.15295358649789006 0.16529535864978903
0 0.7102144866385373 0.7919303797468354 0.1659282700421941 0.14831223628691986
0 0.7198839662447258 0.6453586497890296 0.16821378340365686 0.16424050632911386
0 0.7272679324894514 0.47921940928270046 0.159634317862166 0.18417721518987337
0 0.7317510548523207 0.3251054852320675 0.17482419127988738 0.1709915611814346
0 0.7387658227848101 0.1850210970464135 0.20179324894514764 0.17436708860759492
0 0.7477320675105485 0.04688818565400844 0.19124472573839663 0.09377637130801687
0 0.5616736990154712 0.8862341772151899 0.15685654008438818 0.1571729957805906
0 0.5816455696202532 0.7208333333333333 0.1452180028129396 0.14377637130801688
0 0.5888185654008439 0.5594409282700422 0.16300984528832632 0.18913502109704636
0 0.4532348804500703 0.6639240506329114 0.15291842475386772 0.13955696202531653
0 0.6013009845288326 0.4205696202531646 0.14651898734177202 0.13755274261603367
0 0.6000879043600563 0.25263713080168776 0.12085091420534452 0.12795358649789032
0 0.6063642756680732 0.09367088607594937 0.15622362869198314 0.1429324894514768
0 0.46921589310829814 0.18011603375527427 0.19824191279887482 0.20094936708860758
0 0.45525668073136427 0.49419831223628696 0.16547116736990156 0.17352320675105498
0 0.46031997187060475 0.34477848101265823 0.1544303797468355 0.1380801687763714
0 0.4397151898734177 0.8083860759493671 0.17067510548523207 0.14862869198312245
0 0.3098101265822785 0.7318565400843882 0.17805907172995775 0.17278481012658234
0 0.29778481012658226 0.8959388185654009 0.15671589310829823 0.15400843881856527
0 0.1669127988748242 0.8234177215189873 0.1718002812939522 0.17394514767932498
0 0.16313291139240504 0.6777426160337553 0.14342475386779185 0.13892405063291133
0 0.18305203938115333 0.5312763713080169 0.14556962025316456 0.15168776371308018
0 0.31299226441631506 0.429535864978903 0.17654711673699017 0.1742616033755274
0 0.3300632911392405 0.2761603375527426 0.14933192686357247 0.1298523206751055
0 0.33435302390998595 0.10864978902953587 0.15327004219409285 0.14746835443037978
0 0.17336497890295358 0.37652953586497884 0.17274964838255982 0.15981012658227847
0 0.19300281293952182 0.20089662447257384 0.17654711673699017 0.1742616033755274
0 0.19530590717299579 0.06785337552742617 0.17865682137834035 0.13570675105485233
0 0.06684247538677919 0.1331223628691983 0.13368495077355838 0.1767932489451477
0 0.06728199718706049 0.28317510548523206 0.13456399437412098 0.16149789029535863
0 0.0580168776371308 0.4496835443037975 0.1160337552742616 0.1575949367088608
0 0.06353727144866385 0.5970464135021097 0.1270745428973277 0.1682489451476792
0 0.062359353023909984 0.7621308016877637 0.12471870604781997 0.1794303797468356
0 0.04660689170182841 0.9242616033755274 0.09321378340365682 0.15084388185653996
0 0.4670886075949367 0.0509493670886076 0.1575949367088608 0.1018987341772152