0 0.8365710872162485 0.8856989247311828 0.17182795698924727 0.12752688172043
0 0.8448387096774193 0.7489247311827958 0.18358422939068078 0.19118279569892468
0 0.859784946236559 0.5810752688172043 0.1675029868578254 0.19655913978494624
0 0.8754241338112306 0.428494623655914 0.1494384707287934 0.1518279569892473
0 0.8871385902031063 0.2616666666666667 0.1561409796893669 0.1861290322580645
0 0.8988829151732379 0.09150537634408602 0.15451612903225836 0.18301075268817205
0 0.7081481481481482 0.8120430107526881 0.16881720430107539 0.1563440860215053
0 0.723763440860215 0.6626881720430108 0.17054958183990446 0.17258064516129032
0 0.7363022700119475 0.4933870967741935 0.16264038231780165 0.19301075268817217
0 0.7463381123058542 0.3355376344086022 0.1770489844683394 0.17946236559139783
0 0.7578793309438471 0.1920967741935484 0.20449223416965362 0.18451612903225809
0 0.7728076463560335 0.05120967741935484 0.19296296296296306 0.10241935483870968
0 0.5552150537634409 0.8915591397849462 0.15750298685782568 0.1523655913978495
0 0.5805973715651135 0.7294623655913979 0.1478136200716845 0.15010752688172033
0 0.5930943847072879 0.5658064516129031 0.16590203106332138 0.1980645161290322
0 0.4521206690561529 0.6630645161290323 0.1558542413381122 0.14741935483870983
0 0.610268817204301 0.4236021505376344 0.149378733572282 0.14376344086021503
0 0.615573476702509 0.25155913978494626 0.12352449223416967 0.13559139784946236
0 0.6264456391875747 0.08962365591397849 0.15910394265232966 0.15086021505376343
0 0.4839964157706093 0.16844086021505378 0.20146953405017928 0.21172043010752686
0 0.4598566308243727 0.48924731182795694 0.16739545997610505 0.1820430107526882
0 0.470663082437276 0.33618279569892473 0.15745519713261655 0.1459139784946237
0 0.4341099163679809 0.8093548387096774 0.17365591397849456 0.15666666666666665
0 0.30418160095579455 0.7212903225806452 0.18028673835125456 0.18129032258064512
0 0.2868219832735962 0.888494623655914 0.15918757467144562 0.16215053763440856
0 0.156857825567503 0.8052688172043011 0.17384707287933093 0.18247311827957005
0 0.1579689366786141 0.6552688172043011 0.14617682198327359 0.14677419354838708
0 0.1824372759856631 0.5077419354838709 0.14788530465949817 0.15978494623655903
0 0.3177598566308244 0.4116666666666666 0.1786857825567503 0.18279569892473116
0 0.339868578255675 0.25623655913978494 0.1525567502986858 0.1375268817204301
0 0.35 0.08548387096774193 0.1559139784946236 0.15548387096774194
0 0.17878733572281957 0.34758064516129034 0.17535244922341697 0.16806451612903234
0 0.20348864994026283 0.16860215053763442 0.1786857825567503 0.18279569892473116
0 0.20925925925925926 0.05247311827956989 0.1814814814814815 0.10494623655913977
0 0.08074671445639188 0.09056451612903225 0.13032258064516128 0.1811290322580645
0 0.0747610513739546 0.24489247311827955 0.1366547192353644 0.16709677419354843
0 0.059226403823178016 0.4137096774193548 0.11845280764635603 0.16451612903225807
0 0.06190561529271207 0.5651075268817204 0.12381123058542413 0.173010752688172
0 0.05727598566308244 0.7323118279569892 0.11455197132616488 0.18376344086021515
0 0.03968339307048985 0.8987634408602151 0.0793667861409797 0.1573118279569892
0 0.48746714456391876 0.04526881720430107 0.1605495818399044 0.09053763440860214