0 0.0710625 0.12889062499999998 0.142109375 0.1580625
0 0.22015625 0.12934375 0.16421874999999997 0.16799999999999998
0 0.38303125 0.124703125 0.17234374999999996 0.15196874999999999
0 0.530671875 0.11850000000000001 0.13196875000000005 0.137296875
0 0.691734375 0.11625 0.16173437499999999 0.14181249999999998
0 0.85628125 0.11478124999999999 0.16060937499999994 0.14114062500000002
0 0.161515625 0.258828125 0.133546875 0.156265625
0 0.30509375 0.25228125 0.14775 0.15671875000000002
0 0.4693125 0.249796875 0.16940624999999998 0.14723437500000003
0 0.62203125 0.249453125 0.154515625 0.16235937500000003
0 0.7602968750000001 0.24596874999999999 0.15587500000000007 0.18920312499999997
0 0.9291562499999999 0.24246875 0.1416875000000001 0.17995312500000002
0 0.07578125 0.40234375 0.1515625 0.1453125
0 0.242828125 0.387296875 0.13015625000000003 0.13574999999999998
0 0.40140624999999996 0.38446875 0.17346874999999998 0.15040625
0 0.309375 0.515234375 0.12475000000000006 0.14350000000000004
0 0.538 0.376125 0.12406249999999996 0.13821874999999997
0 0.7048125 0.381078125 0.11707812499999992 0.11204687500000002
0 0.8615937499999999 0.37962500000000005 0.12835937500000005 0.14748437500000003
0 0.787375 0.512953125 0.18293750000000006 0.18404687499999994
0 0.4774375 0.518703125 0.15857812500000001 0.15268750000000003
0 0.625296875 0.5175625 0.12271874999999995 0.14590625
0 0.16828125 0.5247499999999999 0.132640625 0.16029687500000006
0 0.25478125 0.655859375 0.15587499999999999 0.1653281249999999
0 0.09293749999999998 0.662953125 0.138953125 0.145703125
0 0.17571874999999998 0.7946250000000001 0.158359375 0.15864062500000004
0 0.3203125 0.8025156250000001 0.12632812500000004 0.13382812500000005
0 0.46299999999999997 0.7869531249999999 0.138734375 0.1342656250000001
0 0.5535625 0.6609375 0.15790624999999991 0.16420312500000006
0 0.70390625 0.6481874999999999 0.11526562499999997 0.14095312500000007
0 0.8698281250000001 0.6480625 0.13354687500000004 0.142984375
0 0.618078125 0.79996875 0.14437499999999998 0.16032812499999993
0 0.7903125 0.7862031249999999 0.15723437499999998 0.164375
0 0.93125 0.7875 0.1375 0.16875
0 0.869703125 0.9264531249999999 0.16218749999999993 0.14709375000000016
0 0.71946875 0.9230625 0.14684375000000002 0.15385937500000005
0 0.5565 0.929828125 0.14571874999999998 0.14032812499999991
0 0.40953125 0.9230625 0.15317187499999996 0.15385937500000005
0 0.24723437499999998 0.9219375 0.16421874999999997 0.15612500000000012
0 0.078390625 0.93490625 0.15678125 0.1301718749999999
0 0.936484375 0.518921875 0.12701562499999994 0.148625