0 0.44966996699669964 0.4612577924459113 0.19317931793179327 0.18298496516318302
0 0.6031353135313532 0.5408140814081408 0.1972497249724972 0.17000366703337003
0 0.6081958195819582 0.3908690869086909 0.18866886688668874 0.18936560322698942
0 0.7654565456545654 0.29009900990099013 0.1998899889988997 0.20960762742940964
0 0.7634763476347635 0.45553722038870553 0.170957095709571 0.1704803813714705
0 0.7415291529152915 0.6243307664099743 0.18492849284928484 0.18261826182618274
0 0.7223872387238723 0.788063806380638 0.20297029702970298 0.1817748441510818
0 0.5786578657865786 0.6982031536486981 0.21496149614961493 0.18888888888888894
0 0.5689768976897689 0.868096809680968 0.19559955995599554 0.16993032636596972
0 0.42975797579757974 0.6118628529519619 0.1836083608360836 0.16281628162816275
0 0.4279427942794279 0.7748258159149248 0.17876787678767883 0.1642464246424642
0 0.42046204620462047 0.9240557389072243 0.16237623762376233 0.11580491382471604
0 0.30192519251925193 0.6907590759075908 0.1710671067106711 0.14745141180784754
0 0.29295929592959297 0.8622662266226622 0.177007700770077 0.1625229189585628
0 0.17497249724972497 0.6207187385405207 0.18162816281628164 0.15779244591125785
0 0.13773377337733775 0.7844334433443344 0.20517051705170514 0.19009900990099018
0 0.1311881188118812 0.9196369636963696 0.18184818481848183 0.13641364136413617
0 0.0632013201320132 0.550971763843051 0.1264026402640264 0.2049871653832049
0 0.06914191419141914 0.3842317565089842 0.1382838283828383 0.1539053905390539
0 0.08105060506050606 0.21307297396406305 0.1621012101210121 0.20528052805280525
0 0.08201320132013201 0.06905023835716904 0.1594059405940594 0.1381004767143381
0 0.20649064906490647 0.12326732673267327 0.1547854785478548 0.1746974697469747
0 0.19488448844884487 0.30969930326365974 0.15379537953795377 0.18452511917858447
0 0.19768976897689772 0.4650531719838651 0.16358635863586357 0.15863586358635862
0 0.3261276127612761 0.3770810414374771 0.1680968096809681 0.17693436010267685
0 0.34741474147414747 0.2181884855152182 0.19229922992299225 0.21914191419141915
0 0.35973597359735976 0.06795012834616795 0.1716171617161716 0.1359002566923359
0 0.4902090209020902 0.013971397139713971 0.16479647964796482 0.027942794279427943
0 0.49504950495049505 0.11373303997066372 0.1679867986798679 0.1752841950861753
0 0.48173817381738177 0.28872387238723873 0.17931793179317926 0.17249724972497243
0 0.6246974697469747 0.20504217088375504 0.17678767876787677 0.20858085808580853
0 0.6486248624862486 0.05922258892555922 0.18602860286028605 0.11844517785111844
0 0.7836633663366336 0.10337367070040338 0.17964796479647985 0.17744774477447744
0 0.9267326732673266 0.03448844884488449 0.1449944994499452 0.06897689768976897
0 0.9117711771177117 0.1684268426842684 0.16237623762376252 0.2145214521452145
0 0.9060506050605059 0.35295196186285294 0.145874587458746 0.16442977631096442
0 0.8918591859185919 0.5164649798313165 0.1551155115511551 0.20432709937660448
0 0.8781628162816281 0.7095709570957096 0.14565456545654562 0.18580858085808585
0 0.7187568756875687 0.9288962229556288 0.13520352035203512 0.07840117345067814
0 0.8583608360836085 0.8832049871653831 0.14378437843784359 0.1577557755775576