0 0.5015625 0.5119374999999999 0.159375 0.16764062499999993
0 0.577734375 0.357984375 0.14765625 0.17223437500000002
0 0.436140625 0.36815625 0.165234375 0.16129687500000003
0 0.3421875 0.227875 0.184375 0.1698125
0 0.498640625 0.214390625 0.149609375 0.14675000000000002
0 0.65859375 0.218109375 0.1609375 0.158078125
0 0.81328125 0.22142187500000002 0.1578125 0.17645312500000002
0 0.726171875 0.36678125 0.16328125 0.18590625000000002
0 0.887703125 0.35896875 0.146484375 0.17028125000000002
0 0.644140625 0.5158437499999999 0.13984375 0.15982812499999993
0 0.7984375 0.501390625 0.14375 0.15434374999999995
0 0.9453125 0.49415624999999996 0.109375 0.14378124999999997
0 0.716796875 0.629359375 0.12890625 0.14856250000000007
0 0.879296875 0.622125 0.14140625 0.15362500000000007
0 0.650390625 0.7572656249999999 0.13671875 0.15828124999999993
0 0.805078125 0.77621875 0.16484375 0.1766562499999999
0 0.9375 0.7711406249999999 0.125 0.15868749999999993
0 0.583984375 0.909375 0.18359375 0.18125
0 0.425 0.911328125 0.134375 0.17734375
0 0.263671875 0.909375 0.18359375 0.18125
0 0.10390625 0.915234375 0.1671875 0.16953125
0 0.17871874999999998 0.7752343749999999 0.154296875 0.13171874999999994
0 0.35546875 0.767625 0.1640625 0.12820312499999992
0 0.502546875 0.750421875 0.139453125 0.14070312499999993
0 0.42012499999999997 0.63653125 0.155859375 0.143359375
0 0.2703125 0.63203125 0.19375 0.16173437499999999
0 0.1171875 0.635359375 0.140625 0.14884375
0 0.043359375 0.51715625 0.08671875 0.15071875000000007
0 0.17265625 0.5019218750000001 0.1546875 0.14367187500000006
0 0.33828125 0.49781250000000005 0.1515625 0.15500000000000008
0 0.260359375 0.36965625 0.186328125 0.14868750000000003
0 0.09140625 0.3628125 0.1609375 0.16235937499999994
0 0.1658125 0.2279375 0.155859375 0.154296875
0 0.0654375 0.082234375 0.130859375 0.164453125
0 0.22949999999999998 0.0841875 0.193359375 0.168359375
0 0.40390625 0.075390625 0.1453125 0.15078125
0 0.558796875 0.075390625 0.183203125 0.15078125
0 0.741015625 0.070515625 0.16640625 0.141015625
0 0.9578125 0.21015625 0.084375 0.1203125
0 0.91796875 0.071484375 0.1640625 0.14296875