0 0.4756520185780636 0.5305883053471478 0.17565797308562578 0.17937358580445398
0 0.5646778611408836 0.3758901988805526 0.16293914493271397 0.18400619268786475
0 0.4174050256043825 0.3793378587590806 0.18194593307133503 0.17464570680004762
0 0.33092771227819456 0.23088603072525904 0.20152435393592957 0.1845778254138383
0 0.4919614147909968 0.22442539002024536 0.16378468500654997 0.15830653804930336
0 0.6564665952125759 0.2365130403715613 0.1754197927831368 0.17133500059545076
0 0.8153685840181016 0.24771346909610575 0.17433607240681195 0.1889960700250089
0 0.7161783970465642 0.3926104561152792 0.17949267595569837 0.20032154340836017
0 0.8826485649636775 0.39266404668333926 0.16289150887221612 0.182398475646064
0 0.6216922710491843 0.5415981898297011 0.15612718828152908 0.17104918423246393
0 0.7811182565201857 0.5351137310944385 0.1575919971418364 0.16624985113731092
0 0.9291473145170894 0.5332856972728355 0.11541026557103719 0.15276884601643448
0 0.689686792902227 0.662433011789925 0.14132428248183881 0.15958080266761954
0 0.8569608193402406 0.6624985113731094 0.1543289269977371 0.16459449803501244
0 0.6119209241395737 0.7899547457425271 0.15125640109562932 0.16937001309991653
0 0.7695188757889723 0.8180242943908539 0.18242229367631302 0.19072287721805395
0 0.9038108848398237 0.8184053828748362 0.1352268667381207 0.17073954983922837
0 0.5338692390139336 0.9222519947600334 0.19773728712635463 0.1554960104799333
0 0.3715136358223175 0.9208318447064427 0.1478980588305347 0.15833631058711442
0 0.20532928426819103 0.9142134095510301 0.19788019530784806 0.17006073597713478
0 0.06563653685840182 0.9119268786471358 0.13127307371680363 0.15825890198880554
0 0.12634274145528165 0.7843694176491603 0.16813147552697394 0.1423008217220437
0 0.30884244372990355 0.7862689055615101 0.17773014171727994 0.14083601286173636
0 0.4603489341431463 0.7756460640705014 0.15234012147195433 0.15170894367035836
0 0.3835119685602001 0.6546802429439086 0.17012028105275698 0.15518637608669758
0 0.23028462546147435 0.6419554602834345 0.21093247588424444 0.1766821483863285
0 0.07494640943193998 0.6372097177563415 0.14989281886387995 0.1597713469096105
0 0.026551149219959512 0.5117422889127069 0.053102298439919024 0.1585328093366679
0 0.1386983446468977 0.5030784804096701 0.1685125640109563 0.15516255805644882
0 0.3090687150172681 0.507210908657854 0.1656305823508396 0.1663689412885555
0 0.23748362510420387 0.3718470882458021 0.20085744908896036 0.16206978682862921
0 0.07639633202334167 0.3565082767655115 0.15279266404668335 0.17438370846730972
0 0.1494462307967131 0.22176372513993095 0.17045373347624154 0.16644039537930208
0 0.0668929379540312 0.07658687626533285 0.12023341669643921 0.15284030010718114
0 0.22347862331785162 0.0845361438609027 0.20899130641895913 0.16540431106347506
0 0.4045373347624151 0.0807848040967012 0.1587709896391569 0.15180421579135406
0 0.5619983327378826 0.08633440514469454 0.1975467428843635 0.15880671668453017
0 0.7500535905680601 0.09072883172561629 0.17962367512206742 0.15050613314278907
0 0.9554305108967489 0.24335476956055735 0.07932594974395625 0.128129093723949
0 0.9210849112778373 0.09969632011432655 0.15716327259735607 0.15178039776110516