0 0.80221875 0.19978125 0.11370312499999997 0.11848437500000002
0 0.80184375 0.44953125 0.11053125000000001 0.11295312499999999
0 0.8755312500000001 0.5923125 0.13101562499999986 0.13987499999999997
0 0.31925 0.745046875 0.14078125000000002 0.13306249999999994
0 0.33303125 0.601546875 0.14639062500000005 0.13882812500000002
0 0.30534374999999997 0.468171875 0.12760937500000002 0.13803125000000005
0 0.420390625 0.469640625 0.10637500000000003 0.140953125
0 0.518703125 0.48243749999999996 0.11271874999999998 0.12509374999999992
0 0.515046875 0.353578125 0.1395624999999999 0.14064062500000002
0 0.45734375 0.737328125 0.12418750000000003 0.13468750000000007
0 0.5251718750000001 0.6088281249999999 0.13296875000000002 0.12412500000000008
0 0.573109375 0.7221875 0.1483437499999999 0.1337031250000001
0 0.447828125 0.88546875 0.13931249999999995 0.1333124999999999
0 0.591296875 0.85434375 0.15298437499999995 0.13695312500000006
0 0.122234375 0.88571875 0.14834375 0.1386875
0 0.05390625 0.7453125 0.1078125 0.125
0 0.1088125 0.62909375 0.17029687499999996 0.14024999999999999
0 0.05546875 0.490625 0.1109375 0.15
0 0.13004687499999998 0.35700000000000004 0.15224999999999997 0.15507812500000004
0 0.23178125 0.200953125 0.16834375000000001 0.14753125000000003
0 0.067703125 0.203328125 0.13540625 0.15240625000000002
0 0.383296875 0.1911875 0.15321875000000004 0.15729687499999997
0 0.546640625 0.23149999999999998 0.15590624999999997 0.12339062499999998
0 0.582390625 0.061734374999999994 0.1454062499999999 0.12345312500000001
0 0.4171875 0.05859375 0.171875 0.1171875
0 0.145046875 0.066609375 0.149078125 0.13321875
0 0.8901718750000001 0.324125 0.14078124999999986 0.15492187499999996
0 0.95234375 0.73203125 0.0953125 0.1203125
0 0.945875 0.4545 0.10823437499999997 0.14973437500000003
0 0.89225 0.062296874999999995 0.15225000000000008 0.12409375