0 0.7802068302068302 0.18277417027417028 0.14326599326599324 0.13715728715728714
0 0.5253968253968254 0.20764189514189513 0.13651996151996146 0.13209475709475707
0 0.3657106782106782 0.14455868205868205 0.17025012025012026 0.1574074074074074
0 0.30877224627224625 0.7344937469937469 0.1626382876382877 0.16690716690716687
0 0.4540464165464166 0.7071909571909571 0.17109187109187105 0.1736411736411736
0 0.5958694083694084 0.7227392977392977 0.1652116402116401 0.15401635401635405
0 0.5734908609908611 0.6037518037518038 0.16565656565656572 0.1313371813371814
0 0.5415283790283789 0.5031204906204906 0.14967532467532474 0.13572631072631078
0 0.6748256373256373 0.4949134199134199 0.17067099567099567 0.16552429052429046
0 0.2916666666666667 0.5921596921596922 0.16171236171236178 0.149050024050024
0 0.4121632996632996 0.5090127465127465 0.1523929773929774 0.15687830687830695
0 0.28693482443482443 0.46964285714285714 0.16630591630591632 0.17512025012025015
0 0.14212361712361715 0.6152837902837903 0.16255411255411253 0.16528379028379023
0 0.14805194805194805 0.4639069264069264 0.1698051948051948 0.18008658008658018
0 0.1992905242905243 0.9328523328523329 0.1694083694083694 0.13429533429533413
0 0.35215848965848967 0.9717833092833092 0.14289321789321793 0.056433381433381495
0 0.4647246272246272 0.9213504088504088 0.17425444925444933 0.15729918229918252
0 0.6141774891774893 0.9568181818181818 0.1708032708032709 0.08636363636363643
0 0.7409030784030785 0.893987493987494 0.1876623376623375 0.18061568061568076
0 0.8821488696488697 0.7733645983645984 0.18209475709475714 0.19828042328042328
0 0.9080447330447331 0.9289261664261664 0.17710437710437704 0.13329725829725825
0 0.8650553150553151 0.6156325156325156 0.19107744107744107 0.183958633958634
0 0.7948653198653198 0.4498436748436749 0.15690235690235682 0.1813251563251563
0 0.9425775613275612 0.39859908609908606 0.11484487734487747 0.16608946608946612
0 0.9587722462722464 0.5678391053391053 0.08245550745550718 0.19306156806156796
0 0.9769420394420395 0.8506192881192882 0.04611592111592109 0.16970899470899448
0 0.637536075036075 0.10398629148629149 0.1854497354497354 0.1692039442039442
0 0.20935545935545935 0.0831950456950457 0.14012746512746516 0.10788840788840788
0 0.49555675805675814 0.0697931697931698 0.17293169793169805 0.11534391534391535
0 0.8963924963924964 0.09463684463684463 0.13369408369408378 0.1401154401154401