0 0.19324308485700892 0.7325363338021565 0.15260196905766524 0.14504219409282712
0 0.44388771683075484 0.7711615096108767 0.14433895921237686 0.13988513830285979
0 0.5781469760900141 0.8682372245663385 0.17797702766057202 0.16842475386779168
0 0.8078996718237225 0.33534341303328646 0.17381622128457552 0.17609001406469763
0 0.6618905297702766 0.32623652133145803 0.1821964369432724 0.18282934833567752
0 0.5312060478199718 0.27742030004688234 0.17457805907173002 0.16509610876699482
0 0.5167018284106891 0.39253398968588843 0.17135489920300048 0.1428621659634318
0 0.5170241443975621 0.49337787154242846 0.15734880450070307 0.14528832630098468
0 0.38736521331458046 0.4691279887482419 0.181727613689639 0.1765002344116268
0 0.7814697609001406 0.4717240975152368 0.17094467885607112 0.15860290670417246
0 0.6420534458509142 0.5194561650257853 0.162037037037037 0.16602203469292068
0 0.7494432723863104 0.5861579934364745 0.1775668073136427 0.18416549460853254
0 0.9221020862634786 0.4862048757618378 0.1557958274730428 0.17450773558368496
0 0.8810067979371777 0.6253984997655884 0.18108298171589296 0.18907641819034232
0 0.9428035630567276 0.16099976558837317 0.11439287388654479 0.18203234880450067
0 0.8447315986872949 0.07135489920300046 0.15518049695264893 0.1372948898265354
0 0.7202004219409283 0.1056082981715893 0.19028363806844834 0.20689170182841066
0 0.5871425222691046 0.0527836380684482 0.18061415846225973 0.1055672761368964
0 0.44377051101734644 0.08959505391467416 0.19860525082044062 0.17919010782934833
0 0.2724449132676981 0.1613865447726207 0.19503047351148614 0.20713783403656819
0 0.2977613689639006 0.041344350679793716 0.1841303328645101 0.08268870135958743
0 0.24226441631504922 0.3114627285513361 0.20200421940928273 0.1948898265353962
0 0.2596108766994843 0.48131153305203933 0.16842475386779185 0.18842006563525543
0 0.09900961087669949 0.48963900609470234 0.13754102203469293 0.17578527894983587
0 0.106657290201594 0.32484763244256915 0.15986872948898265 0.2005860290670417
0 0.1533931082981716 0.0717709798406001 0.16754571026722925 0.1435419596812002
0 0.30599507735583686 0.8394631973745897 0.19631973745897796 0.18198546647913738
0 0.7071319737458978 0.9369960150023441 0.14211204875761832 0.06726441631504933
0 0.4288267698077825 0.9109235818096577 0.1790318799812471 0.14010782934833566
0 0.08925222691045477 0.7974917955930614 0.07301922175339898 0.17716830754805435