0 0.8823913879277201 0.7901448160963732 0.20638216070742002 0.25902857875176216
0 0.696712802768166 0.8903690888119954 0.2590926566705114 0.2183006535947711
0 0.5005959246443675 0.7983339741125208 0.28646674356016916 0.28269896193771643
0 0.28129565551710883 0.8149878251954377 0.33560169165705495 0.314558503139818
0 0.4572087658592849 0.609047802127387 0.30715109573241056 0.27954632833525567
0 0.6545943867743176 0.4882288863257721 0.2736639753940793 0.2513776752531078
0 0.8716262975778546 0.5736511598103293 0.23829296424452137 0.29409201589132383
0 0.851595540176855 0.3068307061386646 0.27489427143406386 0.30674099705241575
0 0.835601691657055 0.13093041138023837 0.24575163398692818 0.24058695373574265
0 0.6656862745098039 0.18379469434832757 0.25874663590926567 0.280558759451493
0 0.6245098039215686 0.050788158400615145 0.266551326412918 0.08696655132641291
0 0.4220876585928489 0.12566961425092912 0.22502883506343713 0.2420094835319749
0 0.20866974240676664 0.11125849032423428 0.24248366013071898 0.17135717031910805
0 0.07097270280661284 0.2052159425861848 0.1419454056132257 0.2616429578367295
0 0.20284505959246446 0.2954889145200564 0.29888504421376394 0.2967192105600409
0 0.4515570934256055 0.3960912469562989 0.3000384467512495 0.270793284634115
0 0.25542099192618223 0.538562091503268 0.27251057285659364 0.2773036011790337
0 0.10594002306805075 0.6876906318082788 0.2118800461361015 0.2800461361014994
0 0.0662245290272972 0.4724913494809689 0.1324490580545944 0.25294117647058834