0 0.19671445639187574 0.8769295101553166 0.22007168458781365 0.24614097968936682
0 0.11597968936678614 0.6539605734767026 0.19026284348864994 0.2255794504181601
0 0.22252090800477897 0.4880406212664277 0.23924731182795697 0.2442174432497013
0 0.2254778972520908 0.2853584229390681 0.2650537634408602 0.28902031063321393
0 0.4024492234169653 0.47805256869773005 0.23512544802867383 0.263321385902031
0 0.4984468339307049 0.679426523297491 0.20991636798088412 0.2346475507765831
0 0.40008960573476704 0.882989844683393 0.25244922341696535 0.23402031063321388
0 0.6518817204301075 0.8861618876941458 0.26296296296296284 0.22767622461170842
0 0.8356033452807647 0.9012604540023895 0.24181600955794533 0.19747909199522104
0 0.780704898446834 0.7375268817204301 0.23984468339307047 0.2168817204301076
0 0.9393369175627241 0.7247849462365592 0.12132616487455189 0.2476821983273596
0 0.8684886499402628 0.5215352449223417 0.23237753882915183 0.18912783751493425
0 0.9085424133811231 0.32913381123058544 0.18291517323775386 0.21776583034647554
0 0.8100358422939068 0.13859020310633213 0.22974910394265236 0.20508960573476703
0 0.7152031063321385 0.2946535244922342 0.2525686977299881 0.25617682198327363
0 0.6015232974910395 0.5068876941457586 0.22688172043010765 0.25806451612903225
0 0.484557945041816 0.30442652329749104 0.23554360812425335 0.23114695340501787
0 0.3570489844683393 0.12154121863799283 0.24474313022700123 0.21874551971326162
0 0.561768219832736 0.10720430107526882 0.22676224611708484 0.16790919952210273