0 0.16015625 0.165890625 0.2265625 0.20024999999999998
0 0.37520312499999997 0.09296875 0.206640625 0.1859375
0 0.538859375 0.2120625 0.222265625 0.220203125
0 0.736328125 0.224765625 0.26171875 0.241703125
0 0.554296875 0.38690625 0.24140625 0.214453125
0 0.36307812500000003 0.46975 0.214453125 0.19260937499999997
0 0.153125 0.3625 0.228125 0.232015625
0 0.16465625 0.606703125 0.208203125 0.24389062500000006
0 0.144921875 0.783984375 0.20390625 0.2234375
0 0.31640625 0.740609375 0.1953125 0.222640625
0 0.33359375 0.921875 0.2296875 0.15625
0 0.5279375 0.836546875 0.169140625 0.21526562499999996
0 0.71640625 0.9015625 0.1984375 0.196875
0 0.90234375 0.801953125 0.1953125 0.21251562499999999
0 0.744140625 0.700171875 0.23046875 0.23159375000000004
0 0.533796875 0.578265625 0.235546875 0.20651562499999992
0 0.726765625 0.47614062500000004 0.208984375 0.21712500000000007
0 0.90078125 0.36171875 0.1984375 0.2265625
0 0.92265625 0.56171875 0.1546875 0.2109375