0 0.3843003412969283 0.6965617494627733 0.18896473265073951 0.1789280748325117
0 0.2222411831626849 0.6520983440778663 0.18373151308304886 0.20256604727594488
0 0.2834470989761092 0.8388636076349386 0.15130830489192268 0.15029705473391491
0 0.4550056882821388 0.8718556440399443 0.154835039817975 0.15212994564530422
0 0.6184300341296928 0.8983061559853368 0.18316268486916937 0.1684995575780561
0 0.7966439135381115 0.9156554165086589 0.16461888509670067 0.12014915939830613
0 0.6963026166097838 0.7577107824548097 0.21968145620022755 0.20559979774996848
0 0.8812855517633674 0.7996144608772595 0.21285551763367466 0.20534698521046651
0 0.13486916951080777 0.7913348502085703 0.1764505119453925 0.19548729616989
0 0.09482366325369739 0.6268802932625458 0.11820250284414106 0.18992542030084694
0 0.05517633674630261 0.4812286689419795 0.05802047781569966 0.18088737201365188
0 0.15130830489192262 0.49905195297686766 0.23560864618885097 0.2147010491720389
0 0.502844141069397 0.5758437618505878 0.22434584755403872 0.22449753507773984
0 0.27161547212741755 0.36629376817090126 0.21922639362912405 0.22430792567311342
0 0.11632536973833903 0.3335545443053975 0.18600682593856654 0.21116167361901153
0 0.09237770193401593 0.16679307293641762 0.08555176336746304 0.1853115914549362
0 0.19351535836177475 0.1955504993047655 0.2149032992036405 0.2105296422702566
0 0.36496018202502845 0.22683605106813298 0.20693970420932875 0.21874604980407025
0 0.42053469852104663 0.4061117431424599 0.1871444823663253 0.177158387055998
0 0.5948236632536974 0.4287384654278852 0.21478953356086464 0.23435722411831625
0 0.7563139931740614 0.4774996839843256 0.2089874857792947 0.22392870686386035
0 0.8283845278725824 0.6347806851219822 0.2267349260523322 0.2092655795727467
0 0.9177474402730375 0.495544178991278 0.16450511945392507 0.2153330805207939
0 0.5278725824800911 0.25843761850587793 0.20910125142207048 0.20010112501580074
0 0.6998862343572241 0.29825559347743646 0.23481228668941984 0.22828972317026924
0 0.8585324232081911 0.34284540513209455 0.19738339021615467 0.2030716723549488
0 0.804835039817975 0.17889647326507394 0.16643913538111485 0.17298698015421562
0 0.9237770193401593 0.19886866388572874 0.15244596131968133 0.23290355201618
0 0.6364618885096701 0.12953482492731638 0.23981797497155855 0.22677284793325747
0 0.4762229806598407 0.09965554291492858 0.19374288964732644 0.19931108582985715
0 0.3034129692832765 0.0937934521552269 0.2313993174061434 0.1875869043104538
0 0.4083048919226394 0.013525470863354821 0.15790671217292382 0.027050941726709642