0 0.44851851851851854 0.7611111111111111 0.1757671957671958 0.16398589065255736
0 0.2938624338624338 0.7867372134038801 0.17089947089947083 0.18606701940035264
0 0.4021693121693122 0.9214285714285714 0.1407407407407407 0.13784832451499116
0 0.5616931216931217 0.8822222222222221 0.14402116402116405 0.13950617283950623
0 0.7162962962962963 0.8455026455026454 0.17121693121693124 0.16705467372134053
0 0.8767724867724868 0.8038977072310406 0.14656084656084645 0.15382716049382722
0 0.7393650793650793 0.6896649029982364 0.20433862433862438 0.18839506172839504
0 0.8876719576719577 0.6522927689594357 0.1471957671957672 0.18712522045855384
0 0.24095238095238097 0.9265961199294531 0.20253968253968258 0.13763668430335116
0 0.09978835978835979 0.9519223985890652 0.1583068783068783 0.09227513227513244
0 0.14365079365079364 0.8289065255731922 0.17999999999999997 0.17992945326278667
0 0.06304232804232804 0.7224691358024692 0.12608465608465608 0.18733686067019384
0 0.18656084656084657 0.6845149911816578 0.21915343915343916 0.19664902998236336
0 0.5171957671957672 0.610599647266314 0.20867724867724874 0.20592592592592596
0 0.25280423280423275 0.522962962962963 0.20391534391534397 0.20582010582010593
0 0.09722222222222222 0.5615343915343916 0.19444444444444445 0.20451499118165783
0 0.03867724867724868 0.43222222222222223 0.07735449735449736 0.18952380952380948
0 0.13444444444444442 0.40830687830687834 0.1998941798941799 0.1930511463844798
0 0.29407407407407404 0.3675132275132275 0.19248677248677246 0.20081128747795415
0 0.3946560846560847 0.4992063492063492 0.1740740740740741 0.16236331569664902
0 0.5541269841269841 0.44890652557319227 0.1997883597883598 0.2152380952380951
0 0.7093121693121693 0.4272310405643739 0.19439153439153445 0.20560846560846557
0 0.8187830687830686 0.5325749559082893 0.2108994708994711 0.19171075837742513
0 0.8756084656084656 0.369647266313933 0.19544973544973562 0.19770723104056434
0 0.44555555555555554 0.3300705467372134 0.19449735449735445 0.18342151675485008
0 0.6070899470899471 0.2963668430335097 0.21841269841269828 0.2093121693121693
0 0.7593121693121693 0.2715873015873016 0.18359788359788373 0.18634920634920632
0 0.6641798941798942 0.15324514991181656 0.15481481481481477 0.15876543209876542
0 0.8181481481481483 0.10514109347442682 0.2347089947089949 0.21028218694885364
0 0.5024867724867724 0.1774426807760141 0.22306878306878303 0.20783068783068784
0 0.35338624338624336 0.21483245149911814 0.18021164021164016 0.18310405643738978
0 0.1934920634920635 0.25959435626102295 0.21703703703703706 0.21245149911816577
0 0.25227513227513226 0.10296296296296298 0.17238095238095233 0.1607407407407407