0 0.4385625 0.2404375 0.13540624999999995 0.131484375
0 0.285703125 0.253125 0.12492187499999999 0.156875
0 0.36903125000000003 0.095703125 0.10857812500000001 0.11040625
0 0.52725 0.094484375 0.11028125000000007 0.11284374999999999
0 0.68059375 0.09326562499999999 0.13149999999999995 0.1348125
0 0.8450312500000001 0.09326562499999999 0.11881249999999995 0.125046875
0 0.7273125 0.23884375000000002 0.1590781249999999 0.150265625
0 0.898953125 0.23348437500000002 0.15346875000000004 0.14929687500000002
0 0.20934375 0.107546875 0.1625 0.14140625
0 0.06343750000000001 0.101453125 0.12687500000000002 0.14384375
0 0.136015625 0.24825 0.13540625 0.147109375
0 0.058562499999999997 0.376546875 0.117109375 0.15973437500000004
0 0.20006249999999998 0.37898437500000004 0.173234375 0.15484375000000003
0 0.52725 0.370203125 0.1590781250000001 0.16656250000000003
0 0.28900000000000003 0.520296875 0.15346874999999996 0.16909375000000004
0 0.12321874999999997 0.523828125 0.166890625 0.16396875000000008
0 0.057343750000000006 0.67059375 0.11467187500000002 0.16468749999999996
0 0.19359375 0.661 0.152984375 0.15526562500000002
0 0.3525625 0.661484375 0.14151562499999995 0.166
0 0.42818750000000005 0.5094375 0.13662499999999994 0.13028125
0 0.588125 0.5196875000000001 0.14664062500000002 0.18006250000000001
0 0.740125 0.50284375 0.14321874999999995 0.17078124999999994
0 0.8278281249999999 0.373734375 0.1649374999999999 0.15167187500000004
0 0.9079843750000001 0.519078125 0.14712500000000012 0.16176562499999997
0 0.50284375 0.6618906250000001 0.1493125000000001 0.14731249999999996
0 0.66290625 0.6553125 0.1668906249999999 0.16829687500000007
0 0.8125937499999999 0.642 0.13687499999999994 0.153890625
0 0.74 0.781109375 0.11614062500000007 0.12956249999999994
0 0.89565625 0.792828125 0.18346875000000012 0.17251562499999995
0 0.5817812499999999 0.796984375 0.17298437500000005 0.16617187500000002
0 0.4335625 0.79625 0.13565624999999995 0.15006249999999993
0 0.273140625 0.79125 0.16615625000000003 0.17178125000000008
0 0.355125 0.9331875000000001 0.13443750000000004 0.13360937499999997