0 0.09048437499999999 0.058374999999999996 0.136640625 0.11674999999999999
0 0.26253125 0.061812500000000006 0.1626875 0.12360937500000002
0 0.40532812500000004 0.0578125 0.12840624999999997 0.11560937500000001
0 0.562640625 0.058953124999999995 0.15423437500000006 0.117890625
0 0.71709375 0.0578125 0.1560625 0.11560937500000001
0 0.86984375 0.05267187499999999 0.15445312499999994 0.105328125
0 0.17728125 0.20182812499999997 0.11759375000000002 0.141890625
0 0.323328125 0.20071875 0.12845312499999997 0.15295312499999997
0 0.48412499999999997 0.1995 0.17540624999999999 0.15717187500000002
0 0.633390625 0.199609375 0.15503125000000004 0.16403125000000002
0 0.838671875 0.1863125 0.12712499999999993 0.1463125
0 0.9440312499999999 0.197953125 0.11193750000000016 0.14964062499999997
0 0.050937500000000004 0.20359375000000002 0.10187500000000001 0.14542187499999998
0 0.098765625 0.32987500000000003 0.1576875 0.1499375
0 0.24715625000000002 0.341390625 0.17096875000000003 0.164125
0 0.39907812499999995 0.33264062499999997 0.14704687499999997 0.162125
0 0.5492343749999999 0.33629687500000005 0.15503125000000004 0.16721875000000003
0 0.7083125 0.3295625 0.17776562499999998 0.15579687499999997
0 0.8694062499999999 0.3291406250000001 0.15554687499999992 0.16329687500000004
0 0.178875 0.479515625 0.15221874999999999 0.177953125
0 0.32859375 0.48410937499999995 0.17943750000000006 0.19545312500000006
0 0.47651562500000005 0.47465624999999995 0.16137499999999996 0.1765625
0 0.641078125 0.47131249999999997 0.18776562499999994 0.15878125
0 0.83121875 0.46784375 0.14304687499999993 0.15460937500000002
0 0.94234375 0.46965625 0.11531249999999993 0.16654687500000004
0 0.8714999999999999 0.603984375 0.12915625000000014 0.13801562500000006
0 0.7401093750000001 0.5982968750000001 0.1391562500000001 0.15162499999999995
0 0.5833125 0.60871875 0.18332812500000006 0.16414062499999993
0 0.424984375 0.606765625 0.16665624999999995 0.1546875
0 0.273734375 0.612046875 0.13304687499999995 0.15968750000000007
0 0.10804687500000001 0.6094062499999999 0.150546875 0.15162499999999995
0 0.17054687500000001 0.7559374999999999 0.135546875 0.15857812499999993
0 0.33220312500000004 0.7545468750000002 0.13665625 0.16135937500000005
0 0.47109375 0.743015625 0.15887500000000004 0.15773437500000007
0 0.616359375 0.7434218750000001 0.15500000000000008 0.16135937500000005
0 0.9458125000000001 0.7321718749999999 0.10837499999999985 0.11939062499999994
0 0.0931875 0.8967499999999999 0.14971874999999998 0.1457968749999999
0 0.25012500000000004 0.8813437499999999 0.15249999999999997 0.15662500000000001
0 0.40831249999999997 0.878140625 0.15554687499999997 0.14745312499999982
0 0.56484375 0.8810625 0.13804687500000004 0.16162500000000007
0 0.7245625 0.874109375 0.1519375 0.16440625000000003
0 0.8745468750000001 0.87328125 0.16304687499999995 0.16829687500000007
0 0.032218750000000004 0.745015625 0.06443750000000001 0.13546874999999997