0 0.9325951825951826 0.06171976171976172 0.12043512043512047 0.12343952343952344
0 0.9373704998704998 0.23794353794353792 0.12525900025900047 0.18892773892773893
0 0.9494301994301996 0.39686609686609686 0.10113960113960094 0.1485366485366485
0 0.9532828282828284 0.5725524475524476 0.09343434343434326 0.17823102823102815
0 0.9617327117327117 0.7455516705516706 0.07653457653457663 0.17807562807562807
0 0.9727725977725977 0.9001554001554002 0.05445480445480466 0.14462574462574446
0 0.7883644133644134 0.150997150997151 0.16938616938616943 0.1387982387982388
0 0.8005050505050505 0.3134939134939135 0.1820771820771821 0.1512173012173012
0 0.8150414400414401 0.4934472934472935 0.19101269101269117 0.20376845376845373
0 0.8264698264698265 0.6603276353276353 0.1954804454804454 0.1828671328671329
0 0.8585534835534836 0.888998963998964 0.17501942501942497 0.14936544936544938
0 0.8515928515928516 0.9608197358197358 0.17100492100492096 0.040973840973840985
0 0.7785871535871536 0.03506863506863507 0.16906241906241906 0.07013727013727014
0 0.6385975135975136 0.07984977984977984 0.17929292929292928 0.15969955969955968
0 0.6375938875938876 0.23631831131831135 0.19787619787619792 0.20037555037555044
0 0.6596089096089096 0.4056656306656306 0.1934084434084433 0.17409997409997413
0 0.6675731675731675 0.5734718984718984 0.19897694897694893 0.1829189329189328
0 0.6881636881636882 0.7515863765863765 0.18939393939393925 0.2072390572390574
0 0.7011784511784512 0.914070189070189 0.19256669256669257 0.1513727013727016
0 0.47762885262885263 0.16784511784511785 0.2110852110852111 0.17960372960372964
0 0.48471898471898467 0.3356643356643357 0.2332297332297332 0.21138306138306137
0 0.5065397565397566 0.49976689976689975 0.2114737114737114 0.1900932400932401
0 0.5247345247345248 0.684039109039109 0.19327894327894327 0.21778036778036777
0 0.5430911680911681 0.8962962962962963 0.1844729344729344 0.16872571872571884
0 0.5476560476560476 0.9723193473193474 0.18855218855218855 0.0429810929810932
0 0.3949106449106449 0.9334757834757836 0.1618751618751618 0.12470862470862497
0 0.39002201502201506 0.8014827764827764 0.18078218078218075 0.1634291634291635
0 0.36606449106449107 0.6269166019166018 0.19839419839419836 0.21436156436156423
0 0.3551217301217301 0.4495337995337995 0.1871924371924373 0.1949753949753949
0 0.3375097125097125 0.280995855995856 0.18932918932918935 0.1583139083139083
0 0.3271497021497021 0.09573297073297074 0.18123543123543118 0.17566692566692566
0 0.16822066822066822 0.1733035483035483 0.18764568764568762 0.16003626003626004
0 0.1827894327894328 0.3541310541310541 0.19120694120694118 0.16183631183631184
0 0.20687645687645687 0.5085793835793836 0.18861693861693862 0.18626003626003643
0 0.21814296814296813 0.6710890960890961 0.19198394198394203 0.18281533281533283
0 0.2542735042735043 0.9854118104118105 0.13545713545713542 0.02472157472157472
0 0.0463934213934214 0.09551929551929553 0.09175084175084175 0.16560476560476559
0 0.06763144263144263 0.26750194250194254 0.1217948717948718 0.17478632478632475
0 0.07682595182595184 0.4449106449106449 0.12723387723387725 0.18010878010878015
0 0.08851333851333852 0.6187839937839938 0.13519813519813523 0.15925925925925918
0 0.10738798238798239 0.7977984977984979 0.14633514633514633 0.17689717689717696
0 0.11771561771561773 0.9349585599585599 0.14633514633514633 0.1297202797202798
0 0.17084304584304585 0.03157860657860658 0.15572390572390574 0.05297850297850298