0 0.013039856465462001 0.4791105984877611 0.026079712930924003 0.15250544662309368
0 0.04353453799820582 0.30898372420863773 0.08706907599641164 0.18473663975394078
0 0.08730616429578367 0.13994617454825067 0.0952326028450596 0.18275022427271562
0 0.1286236063052672 0.03027681660899654 0.07839292579777007 0.06055363321799308
0 0.05964372677175445 0.7492951428937589 0.1192874535435089 0.17615019864154807
0 0.08743752402921953 0.5899333589645009 0.17487504805843906 0.1929386133538382
0 0.12188901704472639 0.4138472382417019 0.22989875688837624 0.24612328591567342
0 0.17202998846597464 0.25080097398436496 0.23039856465462005 0.22549019607843135
0 0.2237665000640779 0.05827886710239651 0.199525823401256 0.11655773420479303
0 0.0380879149045239 0.862168396770473 0.0761758298090478 0.1095732410611302
0 0.13579392541330257 0.8477508650519031 0.20809944892989876 0.19800076893502483
0 0.19361143150070487 0.7004998077662438 0.23488401896706393 0.24304754581571197
0 0.23546072023580672 0.5320389593745994 0.2264257336921697 0.21658336537229278
0 0.28819684736639756 0.36880046136101496 0.2339612969370755 0.2274766115596565
0 0.3339164423939511 0.19316288606946047 0.2301038062283737 0.24958349352813017
0 0.38394848135332565 0.06487889273356401 0.22518262206843523 0.12975778546712802
0 0.31772395232602846 0.8006856337306164 0.24434191977444575 0.22824554658464682
0 0.3721901832628476 0.6373189798795336 0.2723439702678457 0.2647699602716904
0 0.4111367422786108 0.47424067666282194 0.24658464693066762 0.2370242214532872
0 0.4614891708317314 0.2930924003588363 0.23590926566705123 0.2603485838779957
0 0.5212161988978598 0.09493143662693836 0.21573753684480326 0.1898628732538767
0 0.5484236831987697 0.027329232346533384 0.2007304882737409 0.05465846469306677
0 0.6790657439446367 0.08046584646930667 0.19211841599384857 0.16093169293861334
0 0.6292387543252596 0.20918236575676022 0.21196975522235031 0.20517749583493528
0 0.587998205818275 0.38190439574522617 0.23916442393951037 0.2571446879405357
0 0.5337818787645777 0.5555875945149301 0.22419582211969757 0.23708829937203646
0 0.48862616942201714 0.7217095988722286 0.2185825964372678 0.2004998077662438
0 0.43344867358708195 0.8825451749327181 0.2103293605023709 0.17749583493528134
0 0.6079392541330259 0.8592848904267588 0.21674996796104062 0.19864154812251691
0 0.6596116878123799 0.6849288735101884 0.22051774958349338 0.20408817121619904
0 0.6928553120594643 0.5308855568371139 0.22541330257593215 0.22856593617839288
0 0.741926182237601 0.371363578110983 0.2269383570421633 0.22523388440343464
0 0.8288286556452646 0.044806484685377415 0.1473023196206587 0.08961296937075483
0 0.7359925669614251 0.907503524285531 0.1925797770088428 0.08144303473023166
0 0.7657054978854287 0.7985069844931436 0.2215429962834808 0.22138920927848257
0 0.8156478277585544 0.6242791234140715 0.21126489811610916 0.22235037805972055
0 0.8670639497629117 0.4542483660130719 0.21542996283480706 0.20543380750993212
0 0.893752402921953 0.2800205049339997 0.18358323721645517 0.22029988465974623
0 0.9203831859541203 0.12129950019223376 0.1491862104318849 0.22119697552223502