0 0.6823045267489712 0.26882716049382716 0.3049768518518518 0.31462191358024694
0 0.5707690329218108 0.46583076131687245 0.27391975308641986 0.28836162551440325
0 0.33799511316872427 0.6228909465020576 0.2962834362139918 0.28505658436214
0 0.294360853909465 0.4429591049382716 0.3080246913580247 0.2782021604938271
0 0.4572145061728395 0.24807098765432098 0.2782021604938271 0.27277520576131686
0 0.18286394032921813 0.2599215534979424 0.2988425925925926 0.2989583333333333
0 0.38938400205761314 0.0844457304526749 0.28571244855967076 0.1652391975308642
0 0.8233346193415638 0.14492669753086418 0.27514146090534986 0.2796939300411523
0 0.8861754115226338 0.35547839506172835 0.2276491769547325 0.2969135802469136
0 0.9235532407407407 0.6100437242798353 0.1528935185185184 0.33292181069958854
0 0.7828896604938271 0.6044945987654321 0.28505658436213976 0.3005915637860082
0 0.6253086419753087 0.7126543209876544 0.3609439300411523 0.32197788065843624
0 0.46477623456790124 0.8442193930041153 0.31109825102880667 0.3007844650205761
0 0.22520576131687242 0.8708783436213992 0.24449588477366252 0.2582433127572017
0 0.14823173868312758 0.5833076131687243 0.24893261316872428 0.3645318930041152
0 0.6971772119341564 0.8828896604938272 0.3248585390946502 0.23422067901234556
0 0.9607317386831276 0.8073109567901233 0.07853652263374479 0.20922067901234578
0 0.07968750000000001 0.3051440329218107 0.13777006172839507 0.24570473251028802