0 0.228453125 0.23684375000000002 0.12559375 0.13875
0 0.16507812500000002 0.087265625 0.138953125 0.134640625
0 0.310859375 0.08446875000000001 0.11899999999999995 0.132328125
0 0.45764062499999997 0.080421875 0.12740625 0.12459375000000002
0 0.06640625 0.23203125 0.1328125 0.1546875
0 0.37621874999999994 0.2306875 0.14257812499999994 0.13796875000000003
0 0.521671875 0.22021875 0.12856249999999997 0.148359375
0 0.14545312500000002 0.375421875 0.16235937500000003 0.15054687499999994
0 0.294703125 0.3625625 0.13943750000000002 0.14459375000000002
0 0.4534375 0.365421875 0.17668750000000003 0.15196874999999999
0 0.062640625 0.5035624999999999 0.12526562500000002 0.13815624999999992
0 0.21179687500000002 0.512046875 0.13515625 0.13040625000000006
0 0.365421875 0.498203125 0.15229687500000005 0.14226562499999992
0 0.13309375 0.644828125 0.154109375 0.15368750000000003
0 0.28976562499999997 0.640796875 0.14932812499999998 0.15384375000000006
0 0.44634375000000004 0.642015625 0.15921874999999996 0.1579218749999999
0 0.5267031249999999 0.51515625 0.13696874999999994 0.14651562499999998
0 0.191359375 0.779484375 0.14965625000000002 0.14278124999999992
0 0.053984374999999994 0.7870781250000001 0.10796874999999999 0.1513593749999999
0 0.108125 0.912625 0.12889062499999998 0.13379687499999982
0 0.28103125 0.91709375 0.18131250000000004 0.16581249999999984
0 0.365421875 0.772609375 0.150984375 0.13634374999999999
0 0.439421875 0.9240937499999999 0.15131250000000004 0.15179687500000014
0 0.6207812500000001 0.0925 0.14820312500000005 0.13396874999999997
0 0.775578125 0.08834375000000001 0.13990624999999995 0.143890625
0 0.9198281250000001 0.078625 0.13484374999999993 0.14064062500000002
0 0.69103125 0.22707812500000002 0.138890625 0.15004687500000002
0 0.853125 0.22353125000000001 0.14517187500000003 0.14903125
0 0.6151093750000001 0.361015625 0.14496874999999995 0.1365
0 0.7674687500000001 0.36646874999999995 0.13990625000000004 0.14332812499999997
0 0.91659375 0.358265625 0.12837500000000013 0.13704687499999996
0 0.684765625 0.5098281250000001 0.16926562500000006 0.14659375000000008
0 0.8448125 0.5008125 0.16501562499999994 0.1629843749999999
0 0.59678125 0.644140625 0.16501562500000003 0.1580937500000001
0 0.752390625 0.6349375 0.15226562500000007 0.16193749999999998
0 0.9103125000000001 0.638484375 0.14415624999999999 0.16295312499999995
0 0.524703125 0.7772187500000001 0.12817187499999996 0.16101562500000002
0 0.66128125 0.78025 0.15631249999999994 0.16303124999999996
0 0.8266875 0.760703125 0.12675000000000008 0.15835937499999994
0 0.58515625 0.92109375 0.1671875 0.1578125
0 0.7432812500000001 0.918203125 0.17857812500000003 0.16359375000000007
0 0.9084843749999999 0.912125 0.18303125000000015 0.17573437500000005