0 0.8527965465465466 0.8342717717717718 0.16460210210210213 0.1805555555555556
0 0.9316816816816816 0.9507789039039038 0.13663663663663667 0.09844219219219227
0 0.7935247747747748 0.9602102102102102 0.14654654654654642 0.07957957957957953
0 0.6377064564564565 0.9703453453453453 0.1513138138138138 0.05930930930930926
0 0.9682244744744745 0.8231669169169169 0.06355105105105112 0.1910035035035036
0 0.6971283783783785 0.8547297297297297 0.18325825825825814 0.1836211211211211
0 0.5449887387387388 0.8788163163163163 0.17019519519519524 0.19275525525525522
0 0.9033971471471471 0.6769269269269269 0.19320570570570564 0.2022647647647646
0 0.7552552552552552 0.7041416416416416 0.18025525525525543 0.19181681681681678
0 0.5865427927927929 0.7152152152152151 0.22301051051051055 0.20676926926926925
0 0.9442567567567568 0.5321571571571572 0.11148648648648649 0.17505005005004995
0 0.8109046546546547 0.5356919419419419 0.17267267267267258 0.1727352352352352
0 0.6505442942942944 0.5642204704704705 0.19369369369369382 0.19112862862862864
0 0.8656531531531532 0.3848536036036036 0.19928678678678657 0.20332832832832834
0 0.6998123123123123 0.40371621621621623 0.1942192192192192 0.20295295295295296
0 0.5345157657657658 0.41588463463463465 0.20634384384384385 0.21058558558558563
0 0.47612612612612615 0.5605605605605606 0.18033033033033039 0.19350600600600598
0 0.7743806306306307 0.24424424424424424 0.19200450450450443 0.1910035035035035
0 0.9098911411411411 0.2248185685685686 0.12950450450450463 0.18637387387387394
0 0.8353228228228229 0.11911911911911913 0.16388888888888892 0.12662662662662663
0 0.6530593093093092 0.12834709709709713 0.22841591591591584 0.17686436436436434
0 0.5910660660660662 0.26770520520520524 0.1917042042042041 0.18424674674674674
0 0.4826764264264264 0.12077702702702703 0.19508258258258246 0.184496996996997
0 0.4638701201201201 0.9667792792792792 0.1780405405405407 0.06644144144144169
0 0.2981231231231231 0.9751313813813814 0.1683183183183183 0.04973723723723707
0 0.16968843843843842 0.9891141141141141 0.1109984984984985 0.021771771771771815
0 0.3643393393393393 0.8864802302302303 0.18216966966966966 0.1970095095095094
0 0.19343093093093092 0.9035285285285286 0.1888513513513513 0.19294294294294287
0 0.4165165165165165 0.7346096096096096 0.1848723723723724 0.18205705705705713
0 0.2535660660660661 0.7427427427427428 0.1818693693693694 0.19025275275275264
0 0.11813063063063063 0.7638576076076076 0.12713963963963962 0.171046046046046
0 0.3103228228228228 0.5802677677677678 0.21265015015015018 0.2009509509509509
0 0.14221096096096097 0.6048548548548549 0.21332582582582582 0.2161536536536536
0 0.37424924924924924 0.4275838338338338 0.21141141141141143 0.210960960960961
0 0.21112987987987988 0.4508571071071071 0.19804804804804804 0.21333833833833835
0 0.07689564564564563 0.4611173673673674 0.12165915915915916 0.1992617617617619
0 0.4214339339339339 0.27702702702702703 0.17248498498498493 0.20639389389389395
0 0.27618243243243246 0.2856293793793794 0.20311561561561567 0.21371371371371373
0 0.10521771771771771 0.3217905405405405 0.17057057057057057 0.20120120120120116
0 0.3264827327327327 0.12941066066066068 0.21295045045045055 0.20770770770770774
0 0.16060435435435436 0.14742867867867868 0.22683933933933934 0.21715465465465464
0 0.05292792792792793 0.16807432432432431 0.10030030030030031 0.21114864864864866