0 0.2687935460212688 0.6114044737807114 0.2764331988754431 0.3061728395061728
0 0.46516318298496523 0.48862608483070524 0.24923603471458244 0.2831560933871165
0 0.74000733406674 0.44764087519863105 0.27050482826060374 0.2794768365725461
0 0.681059772643931 0.6166116611661165 0.28175039726194845 0.271910524385772
0 0.44435276861019435 0.7170822637819338 0.2535753575357535 0.26694780589170014
0 0.6770260359369271 0.8144358880332477 0.2726439310597726 0.29277594426109277
0 0.40664344212199 0.8905573890722406 0.2734995721794402 0.18250825082508235
0 0.09995721794401663 0.6783156093387116 0.19991443588803326 0.3265370981542599
0 0.12464857596870799 0.44607016257181276 0.24929715193741597 0.30587947683657246
0 0.1794096076274294 0.20177239946216843 0.2907957462412908 0.33830827527197166
0 0.36221122112211224 0.28973230656398974 0.25785356313409113 0.2935460212687936
0 0.5493827160493827 0.259705414985943 0.3310719960884978 0.31435032392128104
0 0.7511917858452511 0.2123456790123457 0.280894756142281 0.29326488204375994
0 0.9250397261948418 0.275314753697592 0.13476347634763453 0.25990710182129323
0 0.8741596381860408 0.5598887666544432 0.21879965774355217 0.35050727294951717
0 0.585686346412419 0.10158293607138492 0.3038748319276372 0.20316587214276985
0 0.22454467668989123 0.06098887666544433 0.28688424397995355 0.12197775333088866
0 0.8179929104021513 0.8316037159271483 0.1948417063928616 0.23712260114900358