0 0.21582112659283076 0.7980528760271526 0.1495772299630821 0.13504823151125403
0 0.06740502560438251 0.8622007859949982 0.13481005120876502 0.14783851375491242
0 0.06597594378944861 0.7117363344051447 0.13195188757889723 0.1268667381207573
0 0.06363879957127545 0.5604680242943908 0.1272775991425509 0.13633440514469447
0 0.20778254138382754 0.9463379778492319 0.16488031439799927 0.10732404430153614
0 0.2126354650470406 0.645123258306538 0.1502322257949268 0.1527331189710611
0 0.20531142074550435 0.4953197570560915 0.15934262236513042 0.13847802786709537
0 0.3574788614981541 0.8832618792425867 0.1638680481124212 0.1739192568774561
0 0.34705847326426104 0.730171489817792 0.15815172085268542 0.14969632011432651
0 0.353102298439919 0.5669882100750268 0.16601167083482193 0.18842443729903544
0 0.48666190306061685 0.951143265451947 0.1470763367869478 0.09771346909610583
0 0.49916636894128863 0.8156127188281529 0.14022865309038934 0.14287245444801697
0 0.48812075741336186 0.6576813147552697 0.1554126473740623 0.1624866023579849
0 0.6337084673097534 0.8974455162558056 0.166785756817911 0.16595212575919963
0 0.6332321067047755 0.736530903894248 0.16660712159104432 0.16112897463379772
0 0.6375788972251994 0.5757234726688103 0.17178754317017983 0.1708824580207217
0 0.5087531261164702 0.4916041443372633 0.15969989281886376 0.14812433011789924
0 0.7742943908538763 0.8378170775276885 0.15535310229843982 0.16087888531618424
0 0.7791175419792783 0.960342979635584 0.16095033940693101 0.07931404072883197
0 0.9029712992735501 0.925955698463737 0.13201143265451942 0.13787066809574836
0 0.9007383589377158 0.7473026080743123 0.15172085268548302 0.19292604501607716
0 0.7704537334762416 0.6591282600928903 0.14898177920685954 0.16234369417649158
0 0.912379421221865 0.585048231511254 0.13927593188043338 0.16052161486245087
0 0.07556270096463022 0.39267595569846375 0.14719542693819218 0.15748481600571626
0 0.07626235560319161 0.23335119685602002 0.15252471120638322 0.15126831011075387
0 0.07130522805763964 0.0851911396927474 0.14261045611527928 0.14465880671668452
0 0.21579135405501965 0.3209717756341551 0.16297487197808744 0.14980350125044664
0 0.2147195426938192 0.15441229010360843 0.16160533523877577 0.15619864237227582
0 0.3520304870787186 0.40042872454448014 0.14874359890437064 0.155912826009289
0 0.36024770751458857 0.2437299035369775 0.15660354888650707 0.15126831011075387
0 0.35548410146480885 0.08996070025008931 0.14808860307252594 0.13822793854948195
0 0.5066988210075026 0.329849946409432 0.1608907943313089 0.1802786709539121
0 0.4999404549243778 0.16477313326187923 0.17684887459807075 0.1774205073240443
0 0.6425211385018459 0.42056091461236156 0.1720257234726688 0.17731332618792425
0 0.637191854233655 0.26034297963558417 0.17631296891747064 0.16295105394783851
0 0.6432059068715017 0.09796355841371919 0.17601524353935935 0.1549124687388353
0 0.7789389067524116 0.49519471239728474 0.17220435869953551 0.1387638442300822
0 0.7849231868524472 0.3553411932833154 0.17649160414433734 0.16777420507324045
0 0.767923067762296 0.18440514469453376 0.16892937954031212 0.13708467309753486
0 0.9147612242467549 0.43385137549124686 0.14630225080385853 0.17674169346195062
0 0.9151184947004882 0.27215076813147554 0.1532094795760391 0.18974633797784926
0 0.9107121591044421 0.10873526259378351 0.16571394545671045 0.1803858520900322