0 0.3125 0.333578125 0.203125 0.23668750000000002
0 0.465625 0.47698437499999996 0.18125 0.21879687499999995
0 0.71346875 0.5582499999999999 0.204296875 0.20946874999999993
0 0.699609375 0.39471875 0.21953125 0.198828125
0 0.503328125 0.2651875 0.190234375 0.201484375
0 0.745703125 0.21284375 0.20234375 0.22176562500000002
0 0.513671875 0.07734375 0.23046875 0.1546875
0 0.1359375 0.23765624999999999 0.196875 0.25968749999999996
0 0.11640625 0.45803125 0.2203125 0.23168749999999996
0 0.126171875 0.694953125 0.20859375 0.2641406249999999
0 0.3203125 0.64396875 0.1875 0.22854687499999998
0 0.48828125 0.700421875 0.2578125 0.22818749999999993
0 0.665234375 0.776421875 0.21328125 0.22003125000000007
0 0.903125 0.753125 0.19375 0.2125
0 0.900390625 0.478890625 0.19921875 0.29292187500000005
0 0.475984375 0.89375 0.244921875 0.2125
0 0.120125 0.9015625 0.240234375 0.196875
0 0.90625 0.219140625 0.1875 0.1875