0 0.21884920634920635 0.9286976911976912 0.1672077922077922 0.1426046176046176
0 0.3683261183261183 0.9246392496392496 0.17395382395382397 0.1507215007215007
0 0.5197510822510822 0.9129689754689755 0.152922077922078 0.1640331890331891
0 0.6927128427128427 0.9135642135642136 0.16089466089466084 0.15772005772005773
0 0.8538961038961039 0.896031746031746 0.12968975468975474 0.14080086580086582
0 0.9588924963924964 0.8853715728715729 0.04707792207792208 0.14707792207792192
0 0.7433080808080808 0.7563311688311688 0.13831168831168839 0.1637085137085137
0 0.9186147186147187 0.761038961038961 0.13340548340548328 0.16197691197691205
0 0.46201298701298704 0.7703823953823954 0.15620490620490612 0.16572871572871584
0 0.6140512265512266 0.7623917748917749 0.134992784992785 0.1603896103896103
0 0.6585858585858586 0.6220779220779221 0.12525252525252528 0.1601731601731603
0 0.8290223665223666 0.6266774891774891 0.14296536796536788 0.15407647907647895
0 0.38091630591630593 0.6556998556998557 0.1295093795093796 0.1326839826839827
0 0.507377344877345 0.6292748917748917 0.1791847041847041 0.17759740259740256
0 0.29098124098124095 0.7925685425685425 0.14484126984126985 0.16547619047619058
0 0.13953823953823954 0.8103174603174603 0.19036796536796538 0.16973304473304454
0 0.2030122655122655 0.6582431457431457 0.13145743145743147 0.1473304473304472
0 0.11331168831168831 0.5287518037518038 0.13971861471861471 0.154004329004329
0 0.061336580086580085 0.6769119769119769 0.12267316017316017 0.19440836940836928
0 0.13962842712842713 0.22155483405483403 0.18279220779220778 0.1939033189033189
0 0.3110569985569986 0.21805555555555556 0.15966810966810965 0.17554112554112553
0 0.4643939393939394 0.2247113997113997 0.16486291486291485 0.19025974025974024
0 0.6414862914862915 0.1856060606060606 0.19310966810966806 0.2200937950937951
0 0.8407106782106781 0.1737914862914863 0.19397546897546925 0.18603896103896103
0 0.03477633477633477 0.2483766233766234 0.06955266955266955 0.18181818181818182
0 0.36576479076479074 0.09502164502164502 0.17893217893217894 0.16623376623376623
0 0.5397727272727273 0.08508297258297258 0.16396103896103897 0.14967532467532466
0 0.7168831168831169 0.0817099567099567 0.17012987012987005 0.13520923520923522
0 0.06776695526695527 0.12408008658008658 0.13553391053391053 0.1734848484848485
0 0.8761724386724385 0.07631673881673882 0.16648629148629165 0.11727994227994229
0 0.8904942279942281 0.4550685425685425 0.1874819624819624 0.185894660894661
0 0.952020202020202 0.6099206349206349 0.07316017316017306 0.15252525252525248
0 0.21203102453102454 0.10622294372294373 0.17243867243867245 0.16608946608946606