0 0.16490740740740742 0.873616898148148 0.1753587962962963 0.17535879629629605
0 0.13545717592592593 0.7327777777777778 0.17554398148148148 0.1816087962962964
0 0.11708333333333332 0.5875752314814815 0.17025462962962962 0.16115740740740742
0 0.07734085648148148 0.4267418981481481 0.15468171296296296 0.16722222222222224
0 0.06103009259259259 0.27299189814814817 0.12206018518518517 0.1366087962962963
0 0.05042824074074074 0.13902777777777778 0.10085648148148148 0.12493055555555554
0 0.20649884259259257 0.34078703703703705 0.16832175925925927 0.14861111111111108
0 0.15747685185185184 0.17434606481481482 0.16685185185185186 0.15168981481481483
0 0.2635648148148148 0.6052083333333333 0.17347222222222225 0.16437500000000008
0 0.2334027777777778 0.4620023148148148 0.16505787037037037 0.1438310185185184
0 0.3529513888888889 0.385787037037037 0.16478009259259255 0.13445601851851857
0 0.3060185185185185 0.22800925925925924 0.15903935185185186 0.15145833333333333
0 0.3904166666666667 0.6519733796296296 0.13831018518518512 0.13679398148148145
0 0.3831597222222222 0.5274305555555555 0.1850578703703704 0.18657407407407406
0 0.28607060185185185 0.7692997685185186 0.1700231481481481 0.15334490740740742
0 0.30678819444444444 0.9083449074074075 0.1790856481481482 0.18331018518518505
0 0.43240740740740746 0.8182060185185186 0.15241898148148145 0.1387731481481481
0 0.5747685185185185 0.8693402777777777 0.16046296296296295 0.14681712962962976
0 0.4534722222222222 0.9431712962962961 0.20057870370370362 0.11365740740740762
0 0.8545717592592592 0.7681597222222223 0.20082175925925938 0.191724537037037
0 0.8155208333333335 0.608269675925926 0.18293981481481475 0.16777777777777772
0 0.7704456018518518 0.4669675925925926 0.19562500000000008 0.1743981481481482
0 0.7623032407407407 0.29313657407407406 0.2277546296296297 0.20501157407407405
0 0.7230960648148148 0.11212962962962962 0.19443287037037038 0.18685185185185182
0 0.8623784722222222 0.9005381944444444 0.18849537037037045 0.14452546296296304
0 0.9078877314814815 0.525775462962963 0.1600578703703704 0.18583333333333324
0 0.890162037037037 0.35869791666666667 0.17843750000000008 0.1738888888888889
0 0.8568344907407408 0.19037615740740738 0.17857638888888872 0.17857638888888888
0 0.9278124999999999 0.8297569444444445 0.10252314814814838 0.1934953703703705
0 0.8282060185185186 0.07458333333333332 0.18108796296296284 0.10527777777777778
0 0.4497222222222222 0.12826967592592592 0.19471064814814804 0.19622685185185182
0 0.28587384259259263 0.08979166666666667 0.15820601851851848 0.12333333333333334
0 0.9200810185185185 0.6684490740740741 0.12706018518518505 0.17861111111111114