0 0.20434375 0.121015625 0.14357812499999997 0.143015625
0 0.348375 0.11737500000000001 0.15014062499999997 0.14278125
0 0.494421875 0.125234375 0.13020312500000006 0.142078125
0 0.6602812499999999 0.109984375 0.13817187499999992 0.13503125
0 0.8167500000000001 0.1143125 0.10862499999999997 0.12259374999999997
0 0.95234375 0.1140625 0.0953125 0.134375
0 0.7209218749999999 0.257125 0.11635937500000004 0.14309374999999996
0 0.893828125 0.237984375 0.1196406249999999 0.14003125
0 0.451015625 0.265921875 0.132546875 0.14428125000000003
0 0.5970625 0.26192187499999997 0.1126093749999999 0.14098437500000002
0 0.65078125 0.39275000000000004 0.10274999999999998 0.14223437499999997
0 0.8139375 0.37503125000000004 0.12175000000000002 0.13260937500000006
0 0.3818125 0.38184375 0.11143749999999994 0.11337499999999996
0 0.50509375 0.397453125 0.153890625 0.15162499999999998
0 0.284796875 0.258640625 0.12245312500000001 0.14381250000000004
0 0.13864062500000002 0.253015625 0.16609374999999998 0.14192187499999998
0 0.211140625 0.393546875 0.11026562499999999 0.12739062499999995
0 0.134890625 0.524609375 0.117296875 0.13379687499999998
0 0.0609375 0.3875 0.121875 0.175
0 0.185140625 0.8183125 0.154828125 0.1675625
0 0.34889062499999995 0.807625 0.135125 0.1532343749999999
0 0.49634375000000003 0.7892187500000001 0.13676562499999995 0.16567187499999997
0 0.669 0.8127656249999999 0.16304687500000004 0.19165625000000003
0 0.861140625 0.807828125 0.16726562499999992 0.158328125
0 0.05328125 0.8022031249999999 0.1065625 0.16584375000000007
0 0.411890625 0.920890625 0.15412499999999998 0.14103125
0 0.58125 0.9265625 0.140625 0.146875
0 0.75240625 0.9232812499999999 0.1463906249999999 0.14526562500000004
0 0.10162500000000001 0.921484375 0.16234375 0.15159374999999997
0 0.91053125 0.9253281250000001 0.1510781250000001 0.1493437499999999
0 0.886953125 0.53465625 0.16070312499999986 0.158609375
0 0.9538593750000001 0.37978125 0.09228124999999991 0.13974999999999996
0 0.2645625 0.9265000000000001 0.14850000000000002 0.14699999999999988