0 0.646484375 0.08028125 0.24609375 0.160546875
0 0.4359375 0.168484375 0.215625 0.20728125
0 0.451765625 0.36307812500000003 0.227734375 0.22146875000000002
0 0.697265625 0.28609375 0.23046875 0.20032812499999997
0 0.90625 0.15657812499999998 0.1875 0.24987499999999999
0 0.8359375 0.38359375 0.203125 0.21171875
0 0.8234375 0.5852968749999999 0.19375 0.20495312499999993
0 0.832609375 0.804296875 0.216015625 0.217203125
0 0.665625 0.699390625 0.2375 0.24565625000000005
0 0.470125 0.5886250000000001 0.241015625 0.2389531250000001
0 0.45332812499999997 0.8431875 0.249609375 0.25199999999999995
0 0.2703125 0.662859375 0.24375 0.24681250000000005
0 0.272265625 0.46070312500000005 0.20546875 0.18234375000000003
0 0.27168749999999997 0.277640625 0.187890625 0.21075
0 0.114265625 0.142375 0.228515625 0.256625
0 0.102546875 0.314875 0.205078125 0.19928125000000002
0 0.086921875 0.5416562500000001 0.173828125 0.2426718750000001
0 0.1515625 0.89609375 0.275 0.2078125
0 0.653328125 0.489421875 0.193359375 0.21243750000000006