0 0.5958032708032708 0.9377585377585377 0.2873015873015873 0.12448292448292463
0 0.3959415584415584 0.8430615680615681 0.2850649350649351 0.2709716209716207
0 0.449525012025012 0.6534271284271284 0.3023569023569023 0.2893097643097644
0 0.6850709475709474 0.7997715247715247 0.2994829244829246 0.2681577681577682
0 0.8621693121693121 0.9169011544011544 0.24482924482924479 0.16619769119769112
0 0.8460918710918711 0.7413419913419914 0.2737974987974987 0.27225829725829725
0 0.8705236892736893 0.535491822991823 0.2589526214526215 0.26218133718133707
0 0.8893578643578643 0.3184223184223184 0.2212842712842713 0.27955747955747956
0 0.7329665704665704 0.37742303992303994 0.31850649350649357 0.3157166907166908
0 0.5118326118326119 0.4332611832611833 0.31984126984126987 0.310894660894661
0 0.5417989417989418 0.17324434824434823 0.33359788359788367 0.32426647426647426
0 0.320983645983646 0.30282587782587783 0.32681577681577684 0.3192039442039442
0 0.28435545935545936 0.5051166426166426 0.2671957671957672 0.24289321789321797
0 0.24905603655603653 0.6888107263107264 0.2572751322751323 0.26690716690716687
0 0.1268157768157768 0.7726972101972102 0.17955747955747955 0.2953944203944203
0 0.12268518518518519 0.6072811447811448 0.1884199134199134 0.25352332852332854
0 0.12511423761423762 0.3748075998075998 0.22290764790764794 0.28857623857623854
0 0.2508958633958634 0.0908910533910534 0.332960557960558 0.1767797017797018
0 0.6795815295815295 0.5840788840788841 0.263961038961039 0.2703463203463203