0 0.08550925925925926 0.7259259259259259 0.17101851851851851 0.2920987654320989
0 0.12114814814814814 0.4884567901234568 0.2422962962962963 0.28641975308641976
0 0.30769135802469133 0.4484259259259259 0.30571604938271607 0.3040123456790123
0 0.27482716049382716 0.7223765432098765 0.28395061728395066 0.3015432098765433
0 0.18337037037037038 0.9186728395061728 0.3085925925925926 0.15611111111111123
0 0.4044320987654321 0.8364814814814815 0.2873703703703704 0.2750617283950616
0 0.6132839506172839 0.763888888888889 0.2766790123456788 0.26302469135802464
0 0.8311481481481481 0.7075925925925926 0.26659259259259255 0.2892592592592592
0 0.7022407407407407 0.5676851851851852 0.33327160493827174 0.32
0 0.5475123456790123 0.40046296296296297 0.3283703703703704 0.32148148148148153
0 0.8116172839506173 0.30753086419753084 0.3441604938271606 0.3353703703703704
0 0.5858950617283951 0.17370370370370372 0.3370987654320987 0.3284567901234568
0 0.37440123456790125 0.2347530864197531 0.257074074074074 0.26895061728395064
0 0.18158641975308643 0.2892901234567901 0.28138271604938275 0.25820987654320987
0 0.08777777777777777 0.19083333333333333 0.17555555555555555 0.245
0 0.19248765432098763 0.13339506172839508 0.2571481481481481 0.21407407407407408
0 0.42785802469135803 0.0729320987654321 0.2909506172839506 0.1458641975308642
0 0.7954506172839506 0.07830246913580247 0.2590987654320988 0.15660493827160493
0 0.4789382716049383 0.6175308641975309 0.2851111111111112 0.265