0 0.5723856209150326 0.5531348341805858 0.16862745098039222 0.15430888404744614
0 0.6774509803921569 0.17932098765432097 0.1503267973856209 0.14914064391188572
0 0.5923202614379085 0.3031832486080852 0.13507625272331147 0.1407528443476156
0 0.5078976034858388 0.0852154442023723 0.15413943355119814 0.15735899297990802
0 0.41345315904139435 0.18931251512950859 0.14738562091503266 0.1295085935608811
0 0.12260348583877995 0.18500363108206247 0.12755991285403048 0.12595013313967562
0 0.19569716775599127 0.32756596465746796 0.15915032679738564 0.15906560154926166
0 0.3284313725490196 0.31154078915516825 0.1561002178649237 0.16228516097797147
0 0.4621459694989106 0.31761074800290484 0.1533769063180828 0.17040668119099492
0 0.7253267973856209 0.5406802227063665 0.14368191721132909 0.14740982812878248
0 0.8769607843137256 0.30249334301621883 0.16437908496732012 0.16404018397482445
0 0.8046840958605664 0.41755022996853064 0.17429193899782128 0.14133381747760831
0 0.7509259259259259 0.3038973614137013 0.12015250544662305 0.13726700556765917
0 0.8350217864923747 0.1710239651416122 0.17516339869281053 0.15440571290244492
0 0.8678104575163399 0.07173807794722828 0.18594771241830058 0.12028564512224642
0 0.7486383442265795 0.06833696441539579 0.153050108932462 0.11653352699104333
0 0.6262527233115468 0.07633744855967078 0.15925925925925932 0.13621399176954732
0 0.5475490196078432 0.21419753086419752 0.13681917211328978 0.14241103848946987
0 0.3550653594771242 0.08376906318082789 0.14978213507625265 0.14097070927136285
0 0.26770152505446626 0.19206003389009926 0.14411764705882352 0.12946017913338176
0 0.22445533769063183 0.08019849915274752 0.1568627450980392 0.1492374727668845
0 0.07709694989106754 0.08532437666424594 0.15419389978213507 0.13950617283950617
0 0.6679738562091504 0.43188090050835154 0.15762527233115473 0.16067538126361644
0 0.5287581699346405 0.4347252481239409 0.15882352941176478 0.15416364076494804