0 0.14296875 0.151296875 0.2078125 0.20415624999999998
0 0.182421875 0.38046875 0.20078125 0.23671875
0 0.35078125 0.28121874999999996 0.2171875 0.22571874999999997
0 0.559375 0.182765625 0.228125 0.263171875
0 0.76484375 0.281015625 0.2328125 0.21360937499999996
0 0.75371875 0.4805 0.245703125 0.23365624999999995
0 0.55625 0.406640625 0.253125 0.234390625
0 0.380078125 0.506484375 0.23671875 0.23484374999999996
0 0.14551562499999998 0.640890625 0.193359375 0.20678125000000006
0 0.161328125 0.82175 0.20546875 0.23256249999999995
0 0.376953125 0.7166406249999999 0.24609375 0.2645468749999999
0 0.5529375 0.8471562499999999 0.219140625 0.24429687499999994
0 0.75703125 0.71696875 0.2046875 0.19574999999999995
0 0.554296875 0.611921875 0.21015625 0.21134375
0 0.9375 0.389203125 0.125 0.21903125
0 0.93828125 0.159375 0.1234375 0.225
0 0.775 0.07246875 0.184375 0.144921875
0 0.364453125 0.063671875 0.21640625 0.12734375
0 0.74609375 0.92109375 0.2578125 0.1578125