0 0.17955246913580247 0.10955504115226339 0.25841049382716047 0.21314300411522635
0 0.42557227366255146 0.17272376543209877 0.2935699588477367 0.27422839506172836
0 0.29140946502057613 0.3339699074074074 0.28328189300411527 0.29097222222222224
0 0.15931712962962963 0.5404578189300412 0.3129243827160494 0.310082304526749
0 0.23054912551440332 0.7858924897119342 0.27298096707818925 0.3059799382716051
0 0.4520447530864198 0.8181069958847735 0.2974022633744856 0.323045267489712
0 0.39913194444444444 0.5859053497942387 0.2992026748971193 0.3318287037037037
0 0.534960133744856 0.41521347736625513 0.29733796296296294 0.3143647119341564
0 0.7172325102880658 0.18913966049382716 0.2587577160493828 0.26001800411522635
0 0.8847736625514403 0.24425797325102877 0.23045267489711938 0.2758359053497943
0 0.7669431584362141 0.45759387860082307 0.3304398148148149 0.3319444444444443
0 0.8663837448559671 0.675366512345679 0.2672325102880657 0.292091049382716
0 0.711889146090535 0.8692547582304527 0.24841820987654334 0.2614904835390946
0 0.6259130658436214 0.6288451646090535 0.2658307613168726 0.2777906378600823
0 0.3290444958847737 0.9524530606995883 0.2507587448559671 0.09509387860082323
0 0.10482253086419753 0.9146669238683126 0.19693930041152263 0.11405606995884751
0 0.04898405349794239 0.7560442386831276 0.08842592592592594 0.22389403292181084
0 0.0725437242798354 0.30538194444444444 0.12858796296296296 0.2575102880658436
0 0.9064429012345678 0.8729841820987655 0.15151748971193435 0.25403163580246907