0 0.5844354735358196 0.611912085095476 0.18478790208894028 0.20216583365372293
0 0.21277072920671533 0.7978341663462771 0.17772651544277843 0.1826220684352174
0 0.32618223760092274 0.6847046007945662 0.16723055235165965 0.16628219915417142
0 0.09303473023196206 0.6413879277201077 0.16389850057670127 0.18332692554145835
0 0.17179930795847753 0.5247661155965654 0.15693963860053825 0.17762399077277982
0 0.11073945918236577 0.22722029988465972 0.14986543637062666 0.15635012174804555
0 0.2746571831346918 0.2722029988465975 0.18818403178264767 0.19377162629757785
0 0.28434576444957066 0.4117006279636037 0.19161860822760482 0.1905677303601179
0 0.31651287966166863 0.5478021273869026 0.20025631167499686 0.18947840574138144
0 0.6020569011918493 0.7707292067153659 0.17594514930155067 0.1755734973728054
0 0.37386261694220174 0.9287133153915161 0.18404459823144936 0.10181981289247705
0 0.48683198769703967 0.8727412533640908 0.17263872869409191 0.19607843137254888
0 0.35767653466615407 0.8468217352300397 0.1601947968729976 0.15019864154812246
0 0.23015506856337306 0.9246443675509419 0.18426246315519673 0.1312315775983594
0 0.1394719979495066 0.9512687427912342 0.12687427912341404 0.08721004741765985
0 0.11999231064975009 0.8921248237857234 0.124080481865949 0.17691913366653866
0 0.10606177111367422 0.7641932590029475 0.14489298987568883 0.18537741894143278
0 0.22384980135845187 0.6576637190824042 0.1689862873253877 0.16987056260412667
0 0.0685057029347687 0.48481353325643983 0.13098808150711264 0.1757016532103037
0 0.1464564910931693 0.3751762142765603 0.15691400743303854 0.17416378316032288
0 0.0553761373830578 0.3481673715237729 0.10680507497116494 0.1790977829040113
0 0.040375496603870305 0.19261822376009227 0.07918749199026016 0.18569780853517878
0 0.4762975778546712 0.7359028578751762 0.1899013200051263 0.192169678328848
0 0.4518646674356017 0.5923042419582212 0.1829809047802128 0.19165705497885438