0 0.8626344086021505 0.8117801672640382 0.20448028673835134 0.24477897252090808
0 0.8227299880525687 0.5852090800477897 0.256152927120669 0.2777777777777777
0 0.661242532855436 0.7111409796893667 0.27178016726403814 0.26833930704898457
0 0.45752688172043005 0.8420967741935484 0.2899999999999999 0.3089008363201911
0 0.2351911589008363 0.771816009557945 0.2858781362007169 0.26048984468339315
0 0.2248446833930705 0.5666666666666668 0.3031780167264039 0.28330943847072887
0 0.4362962962962963 0.6133811230585424 0.3096296296296296 0.283405017921147
0 0.6067801672640383 0.48516129032258065 0.29502986857825575 0.28157706093189966
0 0.8335961768219833 0.3133870967741936 0.24318996415770616 0.24535244922341692
0 0.7966606929510155 0.13851254480286737 0.2615173237753883 0.25690561529271205
0 0.587258064516129 0.27019115890083634 0.309605734767025 0.314026284348865
0 0.3918876941457587 0.16237753882915174 0.27762246117084827 0.2877658303464755
0 0.19621863799283154 0.32492831541218636 0.2523655913978495 0.23581839904420548
0 0.41571684587813623 0.40323775388291516 0.2612664277180406 0.2520669056152927
0 0.06724014336917562 0.6859438470728794 0.13448028673835125 0.24425328554360815
0 0.07938470728793309 0.8979032258064517 0.15876941457586619 0.20419354838709664
0 0.2484468339307049 0.9490143369175628 0.21350059737156513 0.10197132616487448
0 0.6702807646356034 0.9258094384707287 0.24462365591397844 0.1483811230585425
0 0.1857885304659498 0.12139187574671448 0.29696535244922345 0.1945758661887694