0 0.539203125 0.38109375 0.14243749999999994 0.1485625
0 0.182015625 0.2984375 0.13940625 0.13120312500000003
0 0.299796875 0.374421875 0.13053125000000004 0.11809375000000003
0 0.0915 0.4641875 0.14962499999999998 0.13446875000000005
0 0.19078124999999999 0.5500625 0.12014062499999997 0.1319218749999999
0 0.18562499999999998 0.8282187499999999 0.11765624999999998 0.11204687500000006
0 0.32253125 0.75125 0.14750000000000005 0.13893749999999994
0 0.30803125 0.62596875 0.150265625 0.13539062499999996
0 0.31442187499999996 0.49728125 0.159578125 0.13334375000000004
0 0.5284375 0.235890625 0.13732812499999997 0.12467187500000003
0 0.300265625 0.10220312499999999 0.15198437499999998 0.14367187499999998
0 0.41042187500000005 0.16553125 0.12904687500000006 0.15648437499999998
0 0.30121875 0.222796875 0.12801562500000002 0.10539062499999999
0 0.174078125 0.148765625 0.14215625000000004 0.15400000000000003
0 0.06771875000000001 0.12273437499999999 0.13542187500000002 0.16750000000000004
0 0.065125 0.2366875 0.13025 0.138359375
0 0.0753125 0.3530625 0.143703125 0.14165625000000004
0 0.215046875 0.42126562500000003 0.133359375 0.12104687500000004
0 0.089796875 0.6108125 0.13128124999999996 0.13267187499999994
0 0.19314062499999998 0.6889062499999999 0.12059374999999999 0.1284062500000001
0 0.08592187500000001 0.73703125 0.139046875 0.13839062500000007
0 0.09031249999999999 0.87971875 0.128875 0.14429687499999985
0 0.42318749999999994 0.295421875 0.14767187499999998 0.13678125000000002
0 0.42578125 0.42796874999999995 0.14250000000000002 0.13962500000000003