0 0.5789255709383505 0.34682286119985795 0.3393089575198201 0.305620636611052
0 0.7824813631522897 0.2480712341734706 0.24831380901668443 0.23725002958229788
0 0.7700863803100225 0.08325346112886049 0.25778014436161395 0.16650692225772099
0 0.916548337474855 0.16751863684771032 0.16690332505028999 0.24385279848538632
0 0.9032954679919536 0.37706188616731745 0.19340906401609287 0.2571884984025559
0 0.8996716364927227 0.6037214530824755 0.20065672701455445 0.28071234173470594
0 0.8899538516151935 0.8164477576618152 0.22009229676961314 0.2567506803928529
0 0.7110401135960241 0.701579694710685 0.2449414270500533 0.2561708673529759
0 0.7508578866406342 0.48142823334516627 0.27825109454502434 0.29768074784049214
0 0.5368299609513667 0.5903443379481718 0.28132765353212635 0.2962489646195717
0 0.5316826411075612 0.8239320790439001 0.2978345757898474 0.28278310259140915
0 0.3258785942492013 0.6542006863093125 0.2774819547982487 0.26581469648562317
0 0.35537214530824757 0.45703467045320084 0.2451189208377707 0.23708436871376168
0 0.5681280321855402 0.12528694829014317 0.2550585729499467 0.2423736835877411
0 0.3647497337593184 0.20478641580878001 0.26269080582179627 0.2809608330375104
0 0.19953259969234413 0.15001183291918116 0.2747603833865815 0.2720388119749142
0 0.1619926635901077 0.36844160454384095 0.28706661933498995 0.2663116790912318
0 0.16279138563483614 0.5632351201041297 0.2609750325405278 0.2792805585137853
0 0.1805407644065791 0.7595550822387883 0.26783812566560167 0.28600165660868543
0 0.3101999763341616 0.8755058572949945 0.2711513430363271 0.20183410247308