0 0.460359375 0.379296875 0.276171875 0.2421875
0 0.27109375 0.262265625 0.1984375 0.19171875
0 0.296875 0.08125 0.21875 0.1625
0 0.10625 0.165359375 0.196875 0.20103125
0 0.10703125 0.372453125 0.2140625 0.20896875
0 0.1 0.594203125 0.2 0.23450000000000007
0 0.102546875 0.8039687499999999 0.205078125 0.20871874999999998
0 0.302734375 0.71175 0.19140625 0.21179687499999994
0 0.283203125 0.49275 0.21484375 0.24643750000000003
0 0.480859375 0.621296875 0.21953125 0.24573437499999998
0 0.466796875 0.84890625 0.23828125 0.22828124999999994
0 0.68125 0.70471875 0.221875 0.21334374999999994
0 0.66796875 0.510515625 0.1953125 0.19214062500000004
0 0.488671875 0.164828125 0.20390625 0.19606249999999997
0 0.6796875 0.26349999999999996 0.203125 0.23324999999999996
0 0.844734375 0.226765625 0.216796875 0.22228124999999999
0 0.870515625 0.44434375 0.247265625 0.21214062499999997
0 0.86971875 0.63525 0.248828125 0.22639062499999998
0 0.830859375 0.825203125 0.24765625 0.23167187499999997
0 0.678125 0.9234375 0.23125 0.153125