0 0.554531380254853 0.35732999880909844 0.3145647254972013 0.28407764677861136
0 0.7332618792425866 0.21345718709062758 0.22804573061807787 0.22347266881028938
0 0.6849529593902584 0.06418959152078123 0.2445039895200666 0.12837918304156246
0 0.8858282720019054 0.10452840300107182 0.22042396093843053 0.20905680600214363
0 0.8956174824342028 0.3060319161605335 0.20876503513159442 0.24124091937596767
0 0.9160533523877574 0.5318863879957128 0.16789329522448512 0.2639395022031678
0 0.9275991425509111 0.7470287007264499 0.14480171489817784 0.23763248779325943
0 0.7565082767655115 0.6773252352030488 0.22261521972132908 0.24243182088841264
0 0.7503810884839824 0.450345361438609 0.25347147790877705 0.28090984875550795
0 0.5634333690603787 0.6067345480528761 0.2566035488865071 0.2794688579254495
0 0.6060676432059069 0.8382696201024176 0.2750625223294035 0.2643920447778969
0 0.36924496844110993 0.7167500297725379 0.2550196498749553 0.24892223413123732
0 0.3580624032392521 0.5166309396212933 0.22474693342860538 0.2216982255567465
0 0.4981779206859593 0.14101464808860306 0.23464332499702267 0.22702155531737525
0 0.31523163034417057 0.2657615815172085 0.2382517565797309 0.2656901274264618
0 0.14263427414552818 0.24811242110277482 0.2521376682148386 0.25518637608669764
0 0.1510479933309515 0.4725556746457068 0.26458258901988807 0.24781469572466358
0 0.1717101345718709 0.6689591520781232 0.27988567345480525 0.26464213409551035
0 0.23070739549839228 0.8585387638442302 0.28335119685602006 0.2696320114326547
0 0.39658806716684525 0.9176432059068715 0.25264975586518995 0.14137191854233663