0 0.5844862604540024 0.3582258064516129 0.2446356033452807 0.2404301075268817
0 0.49342293906810036 0.11006571087216249 0.2836200716845878 0.21492234169653524
0 0.34438470728793313 0.23633213859020313 0.27347670250896056 0.26805256869773003
0 0.14698327359617683 0.22277777777777774 0.28526881720430103 0.27781362007168453
0 0.7389068100358424 0.242479091995221 0.2959498207885304 0.29724014336917565
0 0.8103166069295101 0.4380943847072879 0.26168458781362003 0.25829151732377537
0 0.6264516129032258 0.5923178016726404 0.2764277180406214 0.29387096774193555
0 0.4208183990442055 0.5754778972520909 0.27473118279569897 0.2922461170848266
0 0.180442054958184 0.47937873357228195 0.2710872162485065 0.28415770609319
0 0.24135603345280765 0.6902329749103943 0.2823178016726404 0.251995221027479
0 0.5135185185185186 0.8996535244922341 0.2605376344086021 0.20069295101553183
0 0.6686618876941458 0.7844922341696535 0.25295101553166066 0.24532855436081255
0 0.8448327359617682 0.6995400238948626 0.2900836320191157 0.3084826762246117
0 0.2947013142174433 0.862520908004779 0.2852688172043011 0.2749581839904419
0 0.7295400238948626 0.06183393070489845 0.24617682198327367 0.11468339307048984
0 0.9604121863799283 0.7723178016726403 0.07917562724014349 0.2927598566308245
0 0.8521385902031063 0.0941816009557945 0.18492234169653535 0.17710872162485064