0 0.40625 0.3783125 0.1875 0.19725
0 0.42734375 0.10479687499999998 0.2296875 0.20959374999999997
0 0.60371875 0.217328125 0.211328125 0.21903125
0 0.7890625 0.16653125 0.221875 0.226828125
0 0.23046875 0.30017187500000003 0.2265625 0.24409375000000005
0 0.21192187499999998 0.49651562499999996 0.201171875 0.21099999999999994
0 0.425203125 0.605734375 0.205859375 0.24584375000000006
0 0.61621875 0.55025 0.205078125 0.2442343750000001
0 0.8203125 0.413484375 0.203125 0.23634375
0 0.815625 0.62265625 0.225 0.19924999999999998
0 0.614453125 0.89765625 0.20546875 0.2046875
0 0.43359375 0.793953125 0.1953125 0.200390625
0 0.244734375 0.748234375 0.217578125 0.25740625
0 0.80996875 0.8029375 0.217578125 0.24181249999999999
0 0.186921875 0.082234375 0.208203125 0.164453125
0 0.0810625 0.8542500000000001 0.162109375 0.2584843750000001
0 0.07421875 0.163546875 0.1484375 0.1893125