0 0.609748427672956 0.3819590030281854 0.24601677148846965 0.24039133473095742
0 0.8556603773584907 0.43649545772187276 0.2394129979035639 0.2821453529000699
0 0.7157232704402515 0.5994060097833682 0.27295597484276735 0.26898439319822975
0 0.7178197064989518 0.7909096203121361 0.2832285115303983 0.2822618215699978
0 0.7319706498951781 0.2148846960167715 0.3026205450733753 0.291521080829257
0 0.5446540880503145 0.1732180293501048 0.26278825995807126 0.2572792918704868
0 0.38343815513626833 0.3736897274633124 0.2982180293501048 0.2724202189610994
0 0.3882075471698113 0.5720358723503377 0.29643605870020967 0.2691590962031214
0 0.4689203354297694 0.7929187048683904 0.28836477987421383 0.26543209876543206
0 0.26593291404612157 0.7633647798742138 0.2579664570230608 0.27882599580712775
0 0.08920335429769392 0.5269624970882832 0.17840670859538785 0.25739576054041463
0 0.1981656184486373 0.36003377591427904 0.249685534591195 0.24848590729093878
0 0.2910377358490566 0.17557651991614254 0.3132075471698113 0.28604705334265085
0 0.12057127882599582 0.7363731656184486 0.24114255765199163 0.28185418122525036
0 0.9183962264150943 0.19951083158630328 0.1430817610062893 0.24528301886792453
0 0.22636268343815513 0.056487304914977866 0.29255765199161426 0.11297460982995573
0 0.8937106918238993 0.08647798742138364 0.2052410901467505 0.17295597484276728