0 0.605859375 0.2044375 0.23515625 0.247953125
0 0.40703125 0.2728125 0.2203125 0.189375
0 0.218171875 0.12276562499999999 0.208203125 0.21742187499999996
0 0.578515625 0.41035937499999997 0.22734375 0.21446874999999999
0 0.226765625 0.45685937499999996 0.237890625 0.25278124999999996
0 0.152140625 0.635625 0.214453125 0.22357812500000004
0 0.40078125 0.7454375 0.2703125 0.310390625
0 0.60546875 0.792703125 0.1953125 0.22523437499999996
0 0.77890625 0.77609375 0.1984375 0.21154687499999997
0 0.58965625 0.60396875 0.183203125 0.18370312500000008
0 0.77715625 0.53715625 0.214453125 0.19851562499999992
0 0.927734375 0.404890625 0.14453125 0.21915625
0 0.745890625 0.36971875 0.176171875 0.19568750000000001
0 0.94140625 0.18978124999999998 0.1171875 0.167828125
0 0.781640625 0.06171875 0.19453125 0.1234375
0 0.923828125 0.608140625 0.15234375 0.18426562499999993
0 0.75684375 0.946484375 0.185546875 0.10703125