0 0.8253914988814318 0.3624782500621427 0.2880561769823514 0.275478498632861
0 0.7697489435744469 0.5820594084016902 0.2220730797912005 0.25459855828983347
0 0.9103591846880439 0.7711906537409894 0.1792816306239123 0.24061645538155602
0 0.6076746209296544 0.41253417847377577 0.24921700223713641 0.26565995525727065
0 0.5887086751180711 0.7928473775789212 0.29318916231667913 0.2790206313696247
0 0.4039398458861546 0.8777964205816556 0.25809097688292326 0.225764354958986
0 0.26487074322644794 0.6343524732786477 0.3580909768829232 0.31997265722097934
0 0.19553815560526971 0.4202398707432265 0.2582401193139448 0.23079791200596567
0 0.19838429033059907 0.23284862043251303 0.24323887646035297 0.2335943325876212
0 0.3995712155108128 0.4185620183942331 0.21416853094705435 0.21408153119562517
0 0.4539087745463585 0.21162689535172757 0.23194133731046476 0.24826000497141437
0 0.5826497638578175 0.06279517772806363 0.24583644046731287 0.12559035545612726
0 0.6366766094954015 0.22921327367636093 0.2257146408153121 0.2078051205567984
0 0.8127330350484714 0.037037037037037035 0.18922445935868762 0.07407407407407407
0 0.9437857320407657 0.16324881928908777 0.11034054188416573 0.21694009445687298
0 0.3665299527715635 0.07654424558786974 0.2111483967188665 0.15308849117573947
0 0.04412751677852349 0.27047601292567736 0.07811334824757644 0.20401441710166546