0 0.8543018963981163 0.3166921216749396 0.2742140766195749 0.2731704212803869
0 0.7749140893470791 0.538602520045819 0.21687667048491782 0.2530482372406771
0 0.8917843960799287 0.7400470917653048 0.16653939162530257 0.23671884943362614
0 0.6306796487208858 0.3582983326969581 0.24468626702303675 0.2630647829960545
0 0.5648148148148148 0.7475690467099402 0.28802341860761094 0.2756013745704465
0 0.36505663739340716 0.83938526155021 0.2544228076874125 0.2481354206440115
0 0.2549000890925289 0.5724258622884053 0.3529336897034491 0.31498027236858855
0 0.21083110602010943 0.35005727376861395 0.2553773704976454 0.2276059564719358
0 0.2367952144584447 0.1583556064655721 0.2400407280132366 0.23024054982817868
0 0.418098510882016 0.3564592083492428 0.21019473081328757 0.21154384625175
0 0.4987590683466972 0.14648720885834288 0.22693139875270468 0.24670994018073059
0 0.6495799923634975 0.03004963726613211 0.2437953417334861 0.06009927453226422
0 0.6821942217131222 0.17127402316405754 0.2219676721394935 0.20529464172075854
0 0.887266132111493 0.007725595010818377 0.18766704849179067 0.015451190021636753
0 0.9740040728013236 0.1175575919562174 0.04740995290823472 0.21510754740995292
0 0.4260532009672903 0.039646175385007 0.20631284205167366 0.079292350770014
0 0.055810105638284334 0.1928916889397989 0.11162021127656867 0.20871834033346062