0 0.7936471193415637 0.9261252572016461 0.23497942386831264 0.14774948559670797
0 0.58471579218107 0.9062242798353909 0.26850565843621393 0.18755144032921814
0 0.3667116769547325 0.8542181069958849 0.28041409465020567 0.29156378600823035
0 0.14879758230452675 0.8069637345679013 0.2975951646090535 0.30489969135802475
0 0.5238876028806584 0.6806520061728395 0.30132458847736626 0.3047453703703703
0 0.7528163580246914 0.7587127057613168 0.2802340534979424 0.2870756172839507
0 0.6886831275720164 0.5163901748971194 0.26769547325102866 0.2608539094650205
0 0.862596450617284 0.32274305555555555 0.2698173868312757 0.28692129629629637
0 0.6340985082304527 0.2742091049382716 0.34324845679012345 0.3227237654320988
0 0.4570087448559671 0.4478395061728395 0.3065072016460905 0.3030864197530864
0 0.3040959362139918 0.6305105452674896 0.25888631687242797 0.2520447530864196
0 0.2318287037037037 0.4097736625514403 0.29935699588477366 0.28909465020576136
0 0.0876736111111111 0.5968364197530864 0.1753472222222222 0.2561728395061728
0 0.07886445473251029 0.4013695987654321 0.15772890946502058 0.299266975308642
0 0.21682741769547326 0.19162165637860082 0.2679526748971193 0.2782150205761317
0 0.4018325617283951 0.24558899176954732 0.2767618312757201 0.2870241769547325
0 0.557741769547325 0.09508744855967079 0.29423868312757206 0.1779320987654321
0 0.28295396090534974 0.06496913580246914 0.28478652263374493 0.1257201646090535
0 0.01590792181069959 0.7806905864197531 0.03181584362139918 0.23152006172839515
0 0.8090277777777778 0.12919881687242799 0.25765174897119336 0.16871141975308643
0 0.8973186728395063 0.5576838991769547 0.19265689300411518 0.23370627572016467