0 0.163671875 0.092 0.18046875 0.183984375
0 0.140828125 0.286875 0.199609375 0.20189062499999996
0 0.172265625 0.493578125 0.22734375 0.20123437499999994
0 0.1578125 0.709671875 0.2375 0.25059375
0 0.36153124999999997 0.39434375 0.226953125 0.221484375
0 0.343171875 0.17806249999999998 0.213671875 0.20690624999999999
0 0.540625 0.28609375 0.190625 0.20032812499999997
0 0.74765625 0.17121875 0.2140625 0.2049375
0 0.7404375 0.386140625 0.234765625 0.25978124999999996
0 0.550984375 0.5033593749999999 0.223046875 0.22857812499999994
0 0.3578125 0.597328125 0.184375 0.19385937500000008
0 0.53515625 0.70765625 0.2109375 0.22312499999999993
0 0.334765625 0.8418749999999999 0.19296875 0.21421874999999996
0 0.50703125 0.9 0.2484375 0.2
0 0.722859375 0.7682187500000001 0.207421875 0.1957968750000001
0 0.715421875 0.595125 0.216015625 0.201171875
0 0.9140625 0.493921875 0.171875 0.24096875000000004
0 0.908203125 0.74628125 0.18359375 0.2300625
0 0.125 0.91171875 0.25 0.1765625
0 0.9265625 0.264609375 0.146875 0.21203124999999998
0 0.5515625 0.081640625 0.178125 0.16326562500000003