0 0.8176249676249676 0.0517029267029267 0.23537943537943548 0.1034058534058534
0 0.6047461797461797 0.07585470085470085 0.2660321160321161 0.1517094017094017
0 0.3822196322196322 0.13053613053613056 0.27751877751877757 0.2610722610722611
0 0.1533022533022533 0.1677997927997928 0.3066045066045066 0.30775705775705775
0 0.5245596995596995 0.2821160321160321 0.3007122507122507 0.3170810670810671
0 0.75994560994561 0.19752007252007253 0.28101528101528106 0.29992229992229996
0 0.6767741517741518 0.4435379435379435 0.26794871794871794 0.2710437710437711
0 0.8412198912198912 0.6337088837088838 0.27921522921522923 0.2980445480445481
0 0.6023180523180524 0.6897824397824398 0.34493654493654496 0.3378010878010877
0 0.43817663817663816 0.5187775187775188 0.30765345765345764 0.315850815850816
0 0.2996179746179746 0.338027713027713 0.2589484589484589 0.2616550116550116
0 0.20925278425278424 0.5619010619010619 0.2984977984977985 0.3012173012173012
0 0.0836052836052836 0.37464387464387466 0.1672105672105672 0.2612017612017612
0 0.06615514115514115 0.5732970732970732 0.1323102823102823 0.30445480445480444
0 0.1774022274022274 0.7831844081844082 0.2667184667184667 0.28839678839678834
0 0.3666601916601917 0.7246827246827247 0.2757705257705258 0.2995337995337994
0 0.5104959854959855 0.8745143745143744 0.2970344470344471 0.19295519295519306
0 0.23102823102823103 0.9161486661486662 0.287049987049987 0.15034965034965034
0 0.017935767935767937 0.19525382025382026 0.035871535871535874 0.22138047138047137
0 0.7672882672882674 0.8328153328153328 0.26006216006215993 0.18149443149443165
0 0.8909673659673659 0.3971445221445221 0.1973452473452472 0.24313649313649313