0 0.7920608108108109 0.1545608108108108 0.2138513513513514 0.21737987987987983
0 0.6412162162162163 0.18164414414414415 0.21246246246246256 0.22409909909909914
0 0.6868243243243244 0.06852477477477478 0.19054054054054045 0.11054804804804805
0 0.830198948948949 0.057338588588588583 0.15716966966966972 0.08111861861861862
0 0.534009009009009 0.08288288288288288 0.181981981981982 0.1457957957957958
0 0.3529842342342342 0.10422297297297296 0.1887012012012012 0.18307057057057058
0 0.18843843843843844 0.13522897897897898 0.19868618618618622 0.17991741741741737
0 0.06499624624624624 0.1661786786786787 0.12999249249249248 0.17695195195195196
0 0.4821696696696697 0.22207207207207208 0.21798048048048055 0.23434684684684687
0 0.3252252252252253 0.253246996996997 0.2502252252252252 0.23843843843843845
0 0.14408783783783785 0.27712087087087084 0.22406156156156157 0.21929429429429426
0 0.034496996996996994 0.29984984984984986 0.06899399399399399 0.20780780780780783
0 0.88871996996997 0.30043168168168166 0.1661036036036035 0.2061936936936937
0 0.765578078078078 0.3129129129129129 0.1876126126126125 0.19654654654654655
0 0.5894331831831832 0.3385885885885886 0.20457957957957953 0.19861111111111113
0 0.42535660660660657 0.37805930930930937 0.194069069069069 0.18993993993993996
0 0.25489864864864864 0.40893393393393396 0.19076576576576576 0.191554054054054
0 0.10827702702702702 0.44622747747747743 0.21655405405405403 0.22256006006005993
0 0.8665915915915916 0.4368993993993994 0.22068318318318308 0.2192192192192193
0 0.7066441441441442 0.4595533033033033 0.21783033033033028 0.2309684684684685
0 0.5430555555555555 0.4880442942942943 0.2515390390390391 0.23003003003003009
0 0.3687687687687688 0.5289789789789789 0.22075825825825823 0.2209084084084083
0 0.2099099099099099 0.5651839339339338 0.2208333333333333 0.22259759759759767
0 0.06621621621621622 0.6089902402402403 0.13243243243243244 0.18419669669669675
0 0.9310435435435434 0.5845908408408409 0.09632132132132154 0.19283033033033034
0 0.809177927927928 0.6064001501501501 0.2156156156156157 0.2191066066066066
0 0.6474286786786787 0.6315503003003003 0.20686936936936942 0.2121621621621622
0 0.4950638138138138 0.6738175675675675 0.2566816816816816 0.23183183183183198
0 0.3101351351351352 0.7069069069069069 0.2410285285285285 0.22135885885885892
0 0.14328078078078077 0.732789039039039 0.23104354354354353 0.2245120120120119
0 0.10735735735735737 0.8943130630630631 0.1731231231231231 0.17428678678678702
0 0.26371996996996994 0.8572072072072072 0.19253003003003 0.19328078078078076
0 0.434253003003003 0.8246433933933933 0.19091591591591595 0.19493243243243258
0 0.6020645645645646 0.7962462462462462 0.20518018018018022 0.21212462462462464
0 0.7744369369369369 0.7603415915915916 0.2187687687687687 0.214114114114114
0 0.9027402402402402 0.7268393393393393 0.14076576576576563 0.20563063063063067
0 0.37207207207207205 0.9435247747747747 0.20465465465465468 0.11295045045045066
0 0.5380630630630631 0.9353791291291292 0.1785285285285285 0.12924174174174147
0 0.7018393393393394 0.9100600600600601 0.20307807807807798 0.16482732732732733
0 0.8801238738738738 0.8742867867867868 0.17053303303303297 0.153978978978979
0 0.09618993993993993 0.9722972972972973 0.09883633633633634 0.055405405405405325
0 0.034065315315315314 0.7497184684684686 0.06813063063063063 0.15525525525525513