0 0.23645349529593904 0.9137727759914255 0.2004049065142313 0.17245444801714896
0 0.22111468381564844 0.7779861855424556 0.20869358104084795 0.18301774443253557
0 0.09197332380612122 0.8637608669763011 0.17595569846373707 0.1712873645349531
0 0.10347743241633918 0.9658985351911397 0.1852566392759319 0.0682029296177206
0 0.08484280100035727 0.7162736691675599 0.16968560200071453 0.1634869596284387
0 0.07775098249374778 0.5407824222936763 0.15550196498749555 0.1649041324282482
0 0.06869715374538525 0.3837680123853757 0.1373943074907705 0.17589615338811476
0 0.06068238656663094 0.23166011670834824 0.12136477313326188 0.1835774681433846
0 0.21388591163510778 0.622615219721329 0.21850660950339404 0.18637608669763
0 0.1991306418959152 0.47276408241038465 0.21856615457901635 0.21850660950339415
0 0.17171013457187087 0.30341788734071695 0.20292961772061452 0.19578420864594498
0 0.14614743360724067 0.12927235917589616 0.20581159938073118 0.18940097653924018
0 0.39712397284744555 0.9479576039061568 0.1905561510063117 0.10408479218768629
0 0.3749612957008456 0.8518637608669763 0.18188638799571274 0.16173633440514454
0 0.3505894962486602 0.6857806359414076 0.18432773609622477 0.1778373228533999
0 0.34111587471716087 0.5271585089913063 0.17587233535786595 0.16967964749315245
0 0.3237703941884006 0.36520185780635944 0.1756222460402525 0.16485649636775035
0 0.3168036203405978 0.22029296177206142 0.20581159938073124 0.18940097653924023
0 0.5169048469691556 0.9053947838513755 0.20115517446707154 0.189210432297249
0 0.4933488150529951 0.7562760509705848 0.21376682148386325 0.1879123496486839
0 0.47482434202691437 0.6015422174586162 0.21069429558175545 0.22160295343575084
0 0.46508872216267716 0.4324580207216863 0.2042872454448018 0.19098487555079205
0 0.45451947123972847 0.2794509944027629 0.20589496248660244 0.1910086935810409
0 0.4502441348100512 0.11366559485530547 0.17689651065856857 0.15844944623079674
0 0.6768965106585686 0.940002381803025 0.18251756579730868 0.11194474216982245
0 0.657288317256163 0.8061688698344647 0.20251280219125892 0.18774562343694184
0 0.6353816839347386 0.6546028343455996 0.19566511849470047 0.17961176610694296
0 0.6326842920090509 0.504930332261522 0.21255210194116936 0.22644992259140168
0 0.6120281052756936 0.3292485411456473 0.20215553173752515 0.21183756103370258
0 0.590454924377754 0.1712516374895796 0.20639514112182916 0.20065499583184468
0 0.7275098249374777 0.08800762176967965 0.16234369417649158 0.156627366916756
0 0.737912349648684 0.24423008217220435 0.1789210432297249 0.16651184947004882
0 0.754453971656544 0.4061748243420269 0.1788376801238537 0.1649041324282482
0 0.7743360724068119 0.5657556270096462 0.19558175538882927 0.1780040490651423
0 0.7891032511611289 0.7308919852328213 0.19616529712992736 0.1892580683577468
0 0.8029296177206146 0.8831427890913421 0.1920328688817433 0.17152554483744192
0 0.8851911396927473 0.30513874002619984 0.18000476360604992 0.1874121710134572
0 0.90270334643325 0.4638799571275455 0.15624627843277367 0.1629629629629629
0 0.9018101702989164 0.6207395498392283 0.1428605454328927 0.18364892223413135
0 0.9086340359652257 0.7994343217815886 0.11003929974991052 0.17031082529474803
0 0.8462367512206741 0.04793378587590807 0.17247826604739788 0.07324044301536263
0 0.5709836846492795 0.05029177087054901 0.15706800047636058 0.0858639990472788