0 0.13795312499999998 0.241875 0.15634374999999998 0.16535937499999998
0 0.279703125 0.23878125 0.15373437499999998 0.173421875
0 0.21198437499999997 0.10801562499999999 0.14495312499999996 0.144390625
0 0.06640625 0.10625 0.1328125 0.1625
0 0.357171875 0.103390625 0.13546874999999997 0.16125000000000003
0 0.5277499999999999 0.10992187499999999 0.1397343750000001 0.148203125
0 0.6821875000000001 0.105171875 0.1497031249999999 0.1481875
0 0.8315312499999999 0.099 0.15657812500000007 0.154828125
0 0.430125 0.24567187499999998 0.1546875 0.18245312499999997
0 0.576984375 0.244359375 0.18646875000000004 0.17746874999999998
0 0.74553125 0.232375 0.16489062499999996 0.16535937499999998
0 0.919328125 0.22418749999999998 0.16134374999999998 0.170328125
0 0.065625 0.39296875 0.13125 0.1671875
0 0.189078125 0.38121875 0.13381250000000003 0.15225
0 0.353140625 0.37184375 0.15112500000000004 0.150109375
0 0.5074687499999999 0.376953125 0.1442499999999999 0.14370312500000004
0 0.667015625 0.37315624999999997 0.13831249999999998 0.14559374999999997
0 0.808171875 0.379203125 0.15967187500000007 0.16957812499999997
0 0.11909375 0.51340625 0.16275 0.1651406249999999
0 0.26690625 0.503671875 0.15657812499999996 0.17890625
0 0.419453125 0.4989375 0.19121875 0.16940624999999992
0 0.5845625 0.504234375 0.1608437500000001 0.16815625
0 0.7342656250000001 0.507328125 0.1613281250000001 0.16957812499999997
0 0.89559375 0.517046875 0.13285937499999995 0.14632812499999998
0 0.05515625 0.665484375 0.1103125 0.16089062500000004
0 0.198921875 0.656703125 0.15729687500000003 0.16706249999999995
0 0.34934375 0.64959375 0.15065625000000002 0.1623125
0 0.494171875 0.659203125 0.19548437500000002 0.16967187500000006
0 0.667484375 0.6543281249999999 0.183390625 0.1623125
0 0.82228125 0.646625 0.17034374999999996 0.16823437499999994
0 0.88965625 0.78715625 0.1399687499999999 0.13195312500000006
0 0.73475 0.7827968750000001 0.14139062500000002 0.14642187500000006
0 0.57484375 0.785296875 0.13854687499999993 0.14903125
0 0.41778125 0.7908750000000001 0.14898437500000003 0.16256250000000003
0 0.256109375 0.79040625 0.16156250000000003 0.1616093750000001
0 0.10700000000000001 0.791578125 0.14425 0.15923437500000004
0 0.65728125 0.92359375 0.16109375000000004 0.15279687499999994
0 0.50165625 0.9307187499999999 0.14021875 0.1385625000000001
0 0.347203125 0.92775 0.159671875 0.14450000000000002
0 0.17246875 0.9307187499999999 0.14614062499999997 0.1385625000000001
0 0.94340625 0.910203125 0.11318750000000008 0.14974999999999988
0 0.95609375 0.641921875 0.08779687500000008 0.13748437500000002