0 0.37961215932914044 0.4375494991847193 0.22620545073375264 0.23894712322385275
0 0.2785115303983228 0.21222338690892148 0.22725366876310268 0.2075937572792919
0 0.5022536687631027 0.24560913114372232 0.2276729559748427 0.21388306545539254
0 0.7139937106918239 0.24718145818774748 0.19381551362683436 0.17678779408339157
0 0.9069706498951781 0.2712788259958071 0.15985324947589075 0.20873515024458417
0 0.8133123689727463 0.4403913347309574 0.26006289308176117 0.2525040764034475
0 0.8654612159329139 0.6349988353133007 0.19371069182389944 0.24583042161658522
0 0.7745283018867924 0.8573841136734218 0.2672955974842767 0.24330305147915196
0 0.6612683438155136 0.6496797111576985 0.2718029350104822 0.2638364779874213
0 0.5886268343815514 0.4329256929885861 0.2530398322851154 0.24131143722338697
0 0.4670859538784067 0.6436641043559282 0.24958071278826 0.2365012811553692
0 0.5497903563941299 0.8389354763568599 0.22127882599580714 0.18858607034707656
0 0.30859538784067087 0.8201898439319822 0.24360587002096437 0.21749359422315404
0 0.2171907756813417 0.602422548334498 0.2626834381551363 0.22119729792685763
0 0.16975890985324948 0.4076752853482413 0.28123689727463314 0.24057768460284185
0 0.1009433962264151 0.8096494293035174 0.2018867924528302 0.2142557651991614
0 0.08802410901467506 0.21571162357325882 0.1760482180293501 0.22844164919636617
0 0.6227463312368973 0.08465234102026555 0.2276729559748427 0.1693046820405311
0 0.8647798742138365 0.08823375262054507 0.24192872117400402 0.17646750524109014