0 0.4806921675774135 0.8643108682452946 0.156308439587128 0.1503217972070429
0 0.5812871888281724 0.9330418943533698 0.1692531876138433 0.13391621129326045
0 0.7186581663630844 0.9037826350941104 0.18415300546448074 0.14888888888888904
0 0.6314086217364906 0.8170613236187007 0.16631451123254404 0.1618700667880998
0 0.7549544626593807 0.7778081360048573 0.182950819672131 0.1783849423193685
0 0.85367941712204 0.8646144505160899 0.1743897996357012 0.15373406193078332
0 0.958287795992714 0.8309593199757134 0.061032179720704426 0.13650273224043713
0 0.9592289010321796 0.7121007893139041 0.06313296903460812 0.1676624165148755
0 0.33520947176684884 0.8902853673345478 0.20086217364905892 0.17032179720704335
0 0.3136612021857923 0.959921068609593 0.16842744383727995 0.08015786278081384
0 0.4457984213721919 0.9489071038251364 0.1835215543412264 0.10218579234972702
0 0.19785063752276866 0.9201335761991499 0.1761505768063145 0.15973284760170006
0 0.18458409228901032 0.9856830601092896 0.1627322404371585 0.028633879781420814