0 0.07378124999999999 0.416328125 0.138171875 0.14481249999999996
0 0.207859375 0.41140625000000003 0.16468750000000004 0.13964062500000002
0 0.37934375 0.42171875 0.146390625 0.13214062499999996
0 0.545203125 0.40131249999999996 0.14498437499999994 0.14292187500000003
0 0.691125 0.40378125000000004 0.17407812499999994 0.154890625
0 0.86484375 0.39517187500000006 0.16257812499999993 0.14942187500000004
0 0.14932812499999998 0.27246875 0.14850000000000002 0.14331250000000004
0 0.29090625000000003 0.279640625 0.15248437500000006 0.15529687499999997
0 0.454421875 0.266375 0.17454687500000002 0.15926562500000002
0 0.6242656249999999 0.269078125 0.15765624999999997 0.14825
0 0.780859375 0.26356250000000003 0.14475000000000007 0.134859375
0 0.93359375 0.2671875 0.1328125 0.14375
0 0.0796875 0.13046875 0.159375 0.1109375
0 0.23471875 0.147 0.14990625 0.13343750000000001
0 0.39459374999999997 0.145953125 0.15624999999999994 0.12381250000000002
0 0.5507187499999999 0.1443125 0.15131250000000004 0.13178125000000002
0 0.708140625 0.13374999999999998 0.16960937499999992 0.1200625
0 0.8644999999999999 0.13374999999999998 0.18767187499999993 0.1200625
0 0.07859374999999999 0.6849999999999999 0.14545312500000002 0.140234375
0 0.216765625 0.679015625 0.14498437500000003 0.14468750000000002
0 0.381109375 0.6705625000000001 0.12410937500000001 0.13717187499999994
0 0.53465625 0.672453125 0.15671874999999993 0.14093750000000008
0 0.6937031250000001 0.671265625 0.15578125000000007 0.1338906250000001
0 0.8497187500000001 0.660953125 0.17220312500000007 0.15078125
0 0.13899999999999998 0.8204062499999999 0.13723437500000002 0.13421875000000005
0 0.30321875 0.82603125 0.17478125000000003 0.13609374999999996
0 0.46098437499999995 0.818875 0.15578125000000004 0.15228125000000006
0 0.610421875 0.809375 0.14779687500000005 0.14499999999999993
0 0.782625 0.802921875 0.16000000000000006 0.14851562499999993
0 0.929078125 0.80965625 0.14184374999999996 0.15729687500000003
0 0.0703125 0.94140625 0.140625 0.1171875
0 0.23154687499999999 0.9476093750000001 0.14920312500000002 0.10476562499999993
0 0.384984375 0.9517187500000001 0.16140624999999997 0.09656249999999993
0 0.538984375 0.9440937500000001 0.13723437500000008 0.11181249999999991
0 0.684375 0.93515625 0.15625 0.1296875
0 0.847140625 0.94115625 0.14357812500000006 0.11767187499999991