0 0.9296358858858859 0.594507007007007 0.14072822822822825 0.175462962962963
0 0.7968843843843845 0.5969719719719719 0.1947072072072072 0.17188438438438425
0 0.6108295795795795 0.5820695695695696 0.1757507507507508 0.16247497497497504
0 0.43134384384384383 0.6006881881881883 0.17451201201201205 0.1725225225225227
0 0.27280405405405406 0.595364114114114 0.2073573573573574 0.19107857857857874
0 0.10292792792792793 0.6016328828828829 0.1596096096096096 0.1784909909909911
0 0.856081081081081 0.7479729729729729 0.17796546546546557 0.17438688688688683
0 0.7032657657657657 0.7381193693693694 0.1853228228228228 0.18825075075075057
0 0.5251313813813813 0.749049049049049 0.2092717717717718 0.19623373373373376
0 0.3420232732732733 0.7433058058058059 0.18840090090090095 0.18166916916916914
0 0.171996996996997 0.7461961961961963 0.17413663663663667 0.16407657657657676
0 0.05822072072072072 0.738551051051051 0.05773273273273273 0.16141141141141138
0 0.9165915915915916 0.8959146646646647 0.16681681681681668 0.12583833833833843
0 0.760472972972973 0.8824512012012011 0.17912912912912918 0.16265015015014997
0 0.586843093093093 0.8804491991991992 0.18382132132132128 0.1544669669669668
0 0.41831831831831834 0.879029029029029 0.18081831831831838 0.1627377377377378
0 0.24771021021021022 0.8878753753753754 0.1988738738738739 0.15187687687687676
0 0.11204954954954957 0.8830580580580579 0.1515765765765766 0.14942442442442466
0 0.9283033033033032 0.3035285285285285 0.14339339339339344 0.1702202202202203
0 0.7941816816816817 0.3075950950950951 0.17466216216216232 0.17590090090090088
0 0.6158220720720721 0.3134572072072072 0.15056306306306305 0.1645395395395395
0 0.45048798798798795 0.3076388888888889 0.18633633633633637 0.17313563563563564
0 0.27774024024024024 0.30643768768768764 0.18603603603603602 0.16637887887887898
0 0.11473348348348347 0.31488988988988986 0.19699699699699696 0.1854854854854854
0 0.8822447447447448 0.15573073073073074 0.1656906906906908 0.16363863863863862
0 0.7048986486486486 0.14630255255255256 0.20645645645645638 0.1708083083083083
0 0.5341028528528529 0.1509259259259259 0.18855105105105113 0.18504754754754751
0 0.3719031531531532 0.15848973973973973 0.1780405405405405 0.17607607607607612
0 0.18494744744744746 0.1614114114114114 0.1900900900900901 0.18175675675675676
0 0.0669481981981982 0.15398523523523525 0.09395645645645645 0.18014264264264265
0 0.9389076576576575 0.049061561561561565 0.12218468468468494 0.09812312312312313
0 0.7867492492492493 0.04181368868868869 0.1719594594594594 0.08362737737737738
0 0.6196133633633634 0.03574512012012012 0.1850975975975976 0.07149024024024024
0 0.4524587087087087 0.04184184184184184 0.15829579579579578 0.08368368368368367
0 0.2955518018018018 0.05044419419419419 0.18231981981981982 0.10088838838838839
0 0.12015765765765765 0.04211086086086086 0.16599099099099096 0.08422172172172172