0 0.4546875 0.5918593750000001 0.221875 0.19854687500000007
0 0.23340624999999998 0.719234375 0.189453125 0.2033125
0 0.26171875 0.49260937499999996 0.1953125 0.20318749999999994
0 0.25840625 0.282390625 0.161328125 0.17335937499999998
0 0.27734375 0.07734375 0.1953125 0.1546875
0 0.447859375 0.16028125 0.233203125 0.22995312499999998
0 0.63965625 0.0841875 0.232421875 0.168359375
0 0.872859375 0.1485625 0.241796875 0.23775
0 0.65840625 0.28650000000000003 0.242578125 0.24017187500000006
0 0.445125 0.38456250000000003 0.222265625 0.225390625
0 0.657234375 0.48029687499999996 0.216796875 0.22153124999999996
0 0.848046875 0.37479687500000003 0.17265625 0.19803125000000002
0 0.835359375 0.617640625 0.198046875 0.21889062500000006
0 0.621671875 0.734671875 0.200390625 0.23809375
0 0.4296875 0.8049531249999999 0.21875 0.25365624999999997
0 0.83028125 0.8444062499999999 0.195703125 0.21539062499999995
0 0.241609375 0.9171875 0.213671875 0.165625
0 0.087890625 0.393546875 0.17578125 0.204296875
0 0.088875 0.15228124999999998 0.177734375 0.21782812499999998