0 0.42326811861695585 0.41339362618432385 0.2417989417989418 0.2696936138796603
0 0.25730281776793407 0.20357450473729546 0.24247569828965174 0.23656945982527375
0 0.49995078134613014 0.19335548172757477 0.24267257290513117 0.243213978097699
0 0.7217546450104589 0.1535868094007629 0.20660760428202282 0.20127968500061522
0 0.9169127599360158 0.14118986095730282 0.1460317460317459 0.2275378368401624
0 0.8690906853697552 0.33077396333210285 0.2618186292604896 0.28837209302325584
0 0.9402239448751076 0.5235818875353759 0.11955211024978463 0.2653500676756491
0 0.9030946228620648 0.7776547311431032 0.1938107542758705 0.29176818014027306
0 0.7741725113818138 0.5748123538821214 0.28909806816783545 0.29902793158607116
0 0.6407222837455395 0.36722652885443585 0.2701365817644888 0.27468930724744667
0 0.5696136335671219 0.6069029162052418 0.2666666666666666 0.2695090439276485
0 0.7081395348837208 0.789227267134244 0.23528977482465846 0.21790328534514566
0 0.45022763627414786 0.8178233050326074 0.26109265411591 0.24928017718715384
0 0.2969176818014027 0.6139104220499569 0.2811246462409253 0.25378368401624224
0 0.1956195398055863 0.42438784299249416 0.3000369139904024 0.2764611787867602
0 0.21078503752922356 0.85198105081826 0.25601082810385134 0.24566260612772245
0 0.07793158607112095 0.2433247200689061 0.14838193675402978 0.25089208810139046
0 0.5841700504491203 0.051784176202780856 0.23478528362249299 0.10356835240556171
0 0.8379537344653624 0.03199212501538083 0.24733604035929624 0.06398425003076166