0 0.801497113997114 0.46395502645502645 0.15169552669552672 0.15638528138528127
0 0.8869348244348244 0.564544252044252 0.1767676767676768 0.1767676767676768
0 0.8534752284752285 0.7019600769600769 0.18879268879268882 0.19504569504569505
0 0.750511063011063 0.6149891774891775 0.1617965367965369 0.16648629148629146
0 0.7086339586339586 0.738936988936989 0.1802549302549301 0.1833814333814335
0 0.8079004329004329 0.8382034632034631 0.18999518999519005 0.1837421837421838
0 0.7773869648869648 0.9398448773448772 0.17105579605579616 0.06631794131794112
0 0.6393999518999518 0.9449555074555075 0.16456228956228966 0.06607744107744107
0 0.8311688311688312 0.3193843193843194 0.17279942279942265 0.20093795093795092
0 0.9243326118326118 0.2989117364117364 0.1330567580567582 0.17839105339105343
0 0.9097522847522848 0.4299543049543049 0.1530784030784031 0.1937229437229438
0 0.867063492063492 0.1818783068783069 0.16702741702741708 0.17640692640692643
0 0.9544552669552668 0.16405122655122656 0.08303270803270822 0.18464405964405964