0 0.1881875 0.41704687500000004 0.11495312499999999 0.119921875
0 0.081109375 0.494015625 0.13628125 0.13665625000000006
0 0.07389062499999999 0.6275625 0.14776562499999998 0.15157812499999998
0 0.19596875 0.56746875 0.123109375 0.12779687499999995
0 0.20256249999999998 0.6907656249999999 0.138125 0.14079687500000002
0 0.082140625 0.762140625 0.147578125 0.13892187500000003
0 0.07120312499999999 0.9233593750000001 0.136828125 0.15171874999999985
0 0.20478125 0.9400625 0.13515625 0.11985937500000006
0 0.1989375 0.277578125 0.12310937500000003 0.16173437499999999
0 0.08204687499999999 0.232609375 0.16407812500000002 0.13295312500000003
0 0.076203125 0.36067187500000003 0.150546875 0.14990625
0 0.20237500000000003 0.1429375 0.12551562499999996 0.137171875
0 0.0773125 0.09665625 0.1379375 0.14659375