0 0.3330493432729854 0.9125961424683469 0.1667139983433914 0.14940243758135144
0 0.35092888415572115 0.7837652348834457 0.16892675423026865 0.1909596497455922
0 0.39182345284581704 0.6106732931014082 0.16065554372263638 0.17167199148029824
0 0.3999349189445036 0.44046266713998344 0.16864276416992072 0.17179032067210978
0 0.4276712815051473 0.2931191574961543 0.18666430008283041 0.20240208259377587
0 0.44945568571766653 0.11631759555082238 0.18010886285646674 0.19112531061412852
0 0.2010235475091705 0.822719204827831 0.1718849840255591 0.17503254052774803
0 0.23268252277836945 0.6801088628564668 0.18316175600520643 0.1815879777541119
0 0.2479469885220684 0.5121879067565969 0.19150396402792572 0.20566796828777664
0 0.280020115962608 0.3416222932197373 0.17844042125192283 0.18630931250739566
0 0.3015560288723228 0.1815938942137025 0.16063187788427402 0.17007454739084127
0 0.3314518991835286 0.0532658856940007 0.16776712815051475 0.1065317713880014
0 0.057300911134776956 0.8616850076913974 0.11460182226955391 0.16161401017631052
0 0.08917879540882737 0.7181694474026742 0.160702875399361 0.17486687965921197
0 0.11634126138918473 0.555662051828186 0.15278665246716366 0.17954088273577087
0 0.14184711868417937 0.39717193231570225 0.15912909714826648 0.1764406579103065
0 0.1585906993255236 0.23721453082475447 0.1514022009229677 0.19389421370252044
0 0.18472961779671043 0.09183528576499822 0.15450242574843215 0.18367057152999644
0 0.6042953496627618 0.9301384451544196 0.16473790084013723 0.12381966631167919
0 0.6219973967577802 0.8132883682404449 0.17183765234883447 0.17183765234883464
0 0.6420541947698498 0.645296414625488 0.16032422198556376 0.14930777422790206
0 0.6714944976925807 0.4907407407407407 0.1704058691279138 0.1829960951366702
0 0.6978464087090285 0.32904390013016216 0.163992426931724 0.18130398769376405
0 0.7145781564311916 0.1698852206839427 0.18184830197609766 0.20073364098923208
0 0.750721808070051 0.9104011359602413 0.16046621701573782 0.1588924387646433
0 0.7850846053721453 0.7469885220683943 0.16747130517098585 0.20052064844397108
0 0.8058336291563128 0.5861732339368122 0.18001419950301736 0.18473553425630093
0 0.8224588806058455 0.43420305289314876 0.17348242811501582 0.17505620636611055
0 0.8458288959886405 0.258176547154183 0.1784640870902852 0.18790675659685244
0 0.8767364808898355 0.11238314992308601 0.1845698733877649 0.16883209087681933
0 0.8570997515086972 0.9527452372500297 0.1272157141166723 0.07055969707726864
0 0.8891551295704649 0.8372796118802509 0.12224588806058467 0.16631167909123176
0 0.9202047095018341 0.6819015501124127 0.11604543840965557 0.17899656845343734
0 0.9345166252514495 0.5243758135131936 0.11728789492367767 0.15505857294994665
0 0.9391018814341497 0.37657673648088985 0.1128505502307422 0.17894923677671284
0 0.9598982368950418 0.21256656017039402 0.07589634362797276 0.16402792568926758