0 0.0785792349726776 0.16551305403764419 0.14273224043715846 0.1345476624165149
0 0.23103825136612022 0.12950819672131147 0.17060109289617487 0.16108075288403154
0 0.38480874316939895 0.10081967213114754 0.18316939890710385 0.17832422586520946
0 0.5526775956284153 0.06939890710382512 0.1571584699453552 0.13879781420765025
0 0.7186338797814208 0.05737704918032787 0.1972677595628416 0.11475409836065574
0 0.8759016393442622 0.03952641165755919 0.16819672131147526 0.07905282331511838
0 0.10459016393442623 0.2962052216150577 0.1805464480874317 0.18791742562234365
0 0.25726775956284154 0.26347905282331513 0.16590163934426227 0.16399514268366733
0 0.40672131147540985 0.23181542197935637 0.1758469945355191 0.16636308439587136
0 0.578087431693989 0.19523375834851245 0.17256830601092893 0.16612021857923498
0 0.7342622950819672 0.16554341226472372 0.1891803278688526 0.1706132361870067
0 0.8866666666666667 0.12871888281724347 0.17202185792349736 0.18239222829386764
0 0.07568306010928963 0.45567698846387367 0.10262295081967213 0.1935640558591379
0 0.19830601092896175 0.4292956891317547 0.2302732240437158 0.1997571341833637
0 0.36278688524590164 0.38828172434729813 0.21180327868852458 0.2163327261687917
0 0.5201639344262295 0.3519125683060109 0.20153005464480866 0.20904675166970252
0 0.6665027322404371 0.32295081967213113 0.20633879781420766 0.2077717061323619
0 0.8408743169398908 0.2943837279902854 0.2350819672131149 0.22295081967213115
0 0.12382513661202185 0.5970856102003643 0.1768306010928962 0.18111718275652708
0 0.31092896174863394 0.5618093503339405 0.21005464480874317 0.1901032179720704
0 0.4752459016393442 0.5183363691560412 0.21224043715847 0.19842137219186404
0 0.6179234972677595 0.49623557984213723 0.20557377049180325 0.19629629629629633
0 0.7891256830601093 0.45719489981785066 0.22153005464480854 0.1909532483302976
0 0.9330601092896176 0.41794171220400733 0.1338797814207648 0.18075288403157252
0 0.22060109289617486 0.7142987249544626 0.19715846994535516 0.19241044323011547
0 0.3912021857923497 0.6785974499089253 0.24612021857923497 0.21724347298117783
0 0.5663934426229508 0.6499696417729205 0.23049180327868857 0.20303582270795384
0 0.7230601092896175 0.6029447480267153 0.20251366120218575 0.19933211900425019
0 0.8699453551912568 0.5821797207043109 0.19464480874316942 0.20364298724954455
0 0.9669398907103824 0.696448087431694 0.06612021857923522 0.18038858530661814
0 0.8425136612021858 0.726715239829994 0.1908196721311477 0.195203400121433
0 0.6890710382513661 0.7603217972070431 0.21103825136612026 0.2048573163327263
0 0.5278688524590164 0.8010928961748633 0.22830601092896172 0.21918639951426835
0 0.35284153005464486 0.8321797207043109 0.2220765027322405 0.22361870066788098
0 0.17896174863387979 0.8681238615664845 0.18907103825136615 0.21791135397692765
0 0.616775956284153 0.9114754098360656 0.15224043715846997 0.10588949605343051
0 0.7728415300546448 0.8801457194899819 0.16950819672131143 0.12021857923497255
0 0.9301639344262295 0.8382817243472981 0.13967213114754107 0.13381906496660584
0 0.45726775956284155 0.9282331511839708 0.16961748633879786 0.09738919247115965
0 0.2874863387978142 0.9515179113539768 0.19770491803278692 0.07826350941105062