0 0.1278125 0.13282812500000002 0.12595312499999997 0.1045
0 0.282171875 0.1281875 0.13831249999999998 0.12610937500000002
0 0.4305 0.129421875 0.14787499999999998 0.140921875
0 0.59428125 0.12356249999999999 0.12657812499999999 0.12301562499999999
0 0.7548124999999999 0.125265625 0.16362499999999996 0.1295
0 0.9073125 0.12232812500000001 0.13521874999999994 0.13289062499999998
0 0.12534375 0.2594375 0.16299999999999998 0.147796875
0 0.2829375 0.25773437499999996 0.13490624999999995 0.12896875000000002
0 0.42818750000000005 0.25634375 0.14385937500000004 0.12926562500000002
0 0.59459375 0.2541875 0.13831249999999998 0.13112500000000002
0 0.745703125 0.254796875 0.15404687499999997 0.13235937499999997
0 0.893578125 0.24846875000000002 0.13553125000000002 0.14748437499999997
0 0.056343750000000005 0.4038125 0.11268750000000001 0.167953125
0 0.19820312499999998 0.4011875 0.19017187499999996 0.15343750000000003
0 0.358265625 0.39392187500000003 0.16948437499999996 0.17289062499999996
0 0.51278125 0.389453125 0.16115624999999997 0.16701562499999997
0 0.653859375 0.38882812499999997 0.16546874999999997 0.16578124999999994
0 0.821953125 0.39515625 0.189859375 0.17535937499999998
0 0.09879687499999999 0.5450468749999999 0.142015625 0.14478124999999994
0 0.279546875 0.54628125 0.17257812499999997 0.147265625
0 0.44084375 0.536234375 0.17410937500000007 0.15496874999999993
0 0.576984375 0.5424218749999999 0.16732812500000005 0.1549843750000001
0 0.7446250000000001 0.53746875 0.18400000000000008 0.14509375000000002
0 0.9183125000000001 0.5320625 0.1633749999999999 0.14354687500000002
0 0.167640625 0.6716562500000001 0.15868749999999998 0.15104687499999994
0 0.33340625 0.670109375 0.20374999999999996 0.16648437499999993
0 0.502125 0.675515625 0.19048437499999996 0.155671875
0 0.6567968750000001 0.661 0.16207812500000002 0.1575156250000001
0 0.797875 0.668828125 0.15404687499999997 0.16392187499999994
0 0.9252499999999999 0.8034687500000001 0.1494843750000001 0.14917187500000004
0 0.746328125 0.7989843750000001 0.15281249999999993 0.1556562500000001
0 0.5970625 0.8014687500000001 0.17040624999999993 0.16059374999999995
0 0.4386875 0.809796875 0.18460937499999996 0.17110937499999998
0 0.27028125 0.8059375 0.17875000000000002 0.17882812500000006
0 0.087984375 0.80871875 0.17596875 0.17820312499999993
0 0.50290625 0.94625 0.12904687500000006 0.10749999999999993
0 0.6549375000000001 0.94315625 0.14601562500000007 0.113671875
0 0.8255156250000001 0.936984375 0.15065625000000002 0.12601562500000013
0 0.351015625 0.942390625 0.14632812500000006 0.11521875000000001
0 0.187078125 0.94315625 0.17534375 0.113671875