0 0.8154802259887005 0.9218079096045197 0.15673571876961695 0.11309478970495902
0 0.6500816070307596 0.9072128060263654 0.17566854990583794 0.15263025737601996
0 0.49311989956057756 0.8872818581293158 0.1877715003138731 0.18518518518518495
0 0.31748901443816696 0.8645134965473948 0.1621845574387947 0.16239799121155046
0 0.14689265536723164 0.8348148148148148 0.20297551789077214 0.1788575015693661
0 0.03738857501569366 0.8134777150031388 0.06392969240426867 0.16626490897677332
0 0.8451035781544256 0.8014124293785311 0.2048085373509104 0.1975517890772128
0 0.6762335216572505 0.7759008160703076 0.170721908349027 0.17112366603892024
0 0.5209353421217828 0.7516823603264281 0.1809039548022599 0.17311989956057752
0 0.34358443188951665 0.7255743879472693 0.17581920903954804 0.17296924042686743
0 0.18232893910860012 0.6981418706842436 0.19280602636534835 0.1785561833019459
0 0.058430634023854365 0.6789265536723164 0.10814814814814816 0.18790960451977404
0 0.9321908349026993 0.6572755806654111 0.12688010043942247 0.20032642812303836
0 0.7947206528562462 0.63676710608914 0.23539234149403646 0.20862523540489655
0 0.6224984306340239 0.6164406779661018 0.21688637790332702 0.22671688637790338
0 0.45789704959196476 0.5950408035153798 0.20834902699309468 0.21799121155053364
0 0.3068298807281858 0.56984934086629 0.21172630257376018 0.21639673571876955
0 0.12855618330194601 0.5335969868173257 0.24065285624607657 0.23250470809792848
0 0.9194161958568737 0.5016195856873823 0.16116760828625248 0.1879221594475832
0 0.7366729441305713 0.467263025737602 0.21497802887633394 0.1978531073446328
0 0.5636283741368486 0.4503515379786566 0.21843063402385438 0.20642812303829264
0 0.4193032015065913 0.4198744507219084 0.21165097300690525 0.20622724419334584
0 0.23942247332077843 0.3955367231638418 0.2285499058380414 0.1999497802887633
0 0.07991839296924043 0.3756811048336472 0.15215317011927182 0.18074074074074065
0 0.8816195856873823 0.35277463904582546 0.20313873195229107 0.20089139987445065
0 0.704256120527307 0.3249717514124294 0.25247959824231003 0.22777150031387314
0 0.525141242937853 0.28959196484620214 0.2371123666038921 0.21206528562460764
0 0.3572253609541745 0.2784620213433773 0.20657878217200254 0.2077715003138732
0 0.20949152542372884 0.24554300062774642 0.19983678593848087 0.21265536723163847
0 0.12692404268675453 0.08728185812931576 0.13859384808537348 0.1745637162586315
0 0.2898932831136221 0.1143188951663528 0.19638418079096046 0.20408035153797868
0 0.44942875078468303 0.13841180163214062 0.21678593848085378 0.21315756434400504
0 0.6199435028248588 0.15709353421217828 0.23383553044570007 0.22721908349026992
0 0.7990458254865035 0.19077840552416825 0.22880100439422454 0.23384808537350912
0 0.9403389830508474 0.21961079723791588 0.11932203389830524 0.2239045825486504
0 0.5740552416823604 0.036685499058380415 0.15150031387319537 0.07337099811676083
0 0.41210295040803513 0.027357187696170744 0.16996861268047708 0.05471437539234149
0 0.2289704959196485 0.019102322661644695 0.17658505963590715 0.03820464532328939
0 0.7370056497175141 0.055188323917137475 0.17197740112994356 0.11037664783427495
0 0.905279347143754 0.0816572504708098 0.18944130571249204 0.11748901443816698