0 0.8544791666666667 0.9279456018518519 0.16812499999999986 0.14410879629629605
0 0.6921354166666667 0.9172858796296296 0.19281250000000014 0.16542824074074075
0 0.5434374999999999 0.9048206018518519 0.18427083333333344 0.1884837962962962
0 0.38578125 0.8814120370370372 0.21614583333333331 0.19832175925925952
0 0.23843750000000002 0.8722048611111111 0.18166666666666664 0.17283564814814803
0 0.11916666666666667 0.83921875 0.13874999999999998 0.18468750000000006
0 0.928515625 0.8194444444444444 0.14296875 0.18521990740740718
0 0.80109375 0.800931712962963 0.20322916666666657 0.21530092592592603
0 0.63203125 0.7820370370370371 0.21500000000000002 0.20454861111111117
0 0.46890625 0.7585474537037037 0.2039583333333333 0.17940972222222235
0 0.31390625 0.7398611111111111 0.21708333333333335 0.21238425925925936
0 0.15901041666666665 0.7110300925925925 0.20604166666666668 0.21065972222222218
0 0.8821354166666666 0.6702314814814814 0.18447916666666658 0.19160879629629618
0 0.7240104166666667 0.6514988425925926 0.18562499999999993 0.18538194444444436
0 0.5603125 0.6311226851851852 0.1935416666666665 0.1870601851851852
0 0.41473958333333333 0.6133564814814815 0.20302083333333326 0.18876157407407418
0 0.24682291666666667 0.5882349537037037 0.18104166666666668 0.18687499999999985
0 0.10958333333333334 0.5666898148148147 0.15562499999999999 0.18025462962962954
0 0.63546875 0.5057986111111111 0.18656249999999996 0.17603009259259253
0 0.7951041666666667 0.5237731481481481 0.2091666666666665 0.2107060185185185
0 0.9294791666666666 0.5479282407407406 0.14104166666666665 0.193148148148148
0 0.3488541666666667 0.4796990740740741 0.19854166666666667 0.19181712962962968
0 0.19036458333333334 0.4437905092592593 0.20385416666666667 0.17784722222222218
0 0.113125 0.3037210648148148 0.1540625 0.15681712962962963
0 0.25848958333333333 0.31836226851851845 0.17833333333333332 0.16966435185185186
0 0.4341145833333334 0.34203703703703703 0.20104166666666679 0.18248842592592593
0 0.5795833333333333 0.36994791666666665 0.16229166666666667 0.16318287037037038
0 0.7309375000000001 0.36906828703703703 0.2117708333333333 0.20293981481481485
0 0.8928125 0.39722222222222225 0.19229166666666658 0.191724537037037
0 0.8183854166666666 0.2525115740740741 0.23135416666666658 0.21571759259259257
0 0.9400000000000001 0.2794675925925926 0.11999999999999993 0.1956944444444444
0 0.6682812499999999 0.23701967592592593 0.184375 0.19004629629629627
0 0.5221354166666666 0.22236689814814814 0.2101041666666667 0.20135416666666667
0 0.36802083333333335 0.19354745370370371 0.19458333333333327 0.2026851851851852
0 0.19083333333333333 0.18155671296296297 0.15802083333333333 0.16936342592592593
0 0.29 0.07688078703703703 0.205 0.14820601851851853
0 0.14229166666666665 0.06220486111111112 0.18145833333333333 0.12288194444444445
0 0.4490625 0.08626157407407406 0.21062499999999992 0.16233796296296296
0 0.5871875 0.0976736111111111 0.19625000000000004 0.18085648148148148
0 0.740625 0.11633680555555555 0.19281250000000014 0.1761226851851852
0 0.8985937500000001 0.13905671296296296 0.20281249999999992 0.17488425925925927