0 0.14928125 0.11682812499999999 0.13871875 0.14743749999999997
0 0.3116875 0.10825 0.16098437500000004 0.15314062499999997
0 0.46067187499999995 0.1036875 0.15070312500000002 0.16684375
0 0.6187968749999999 0.10340625 0.1815312500000001 0.171984375
0 0.7645156250000001 0.089984375 0.15042187500000007 0.15085937500000002
0 0.9152968749999999 0.098984375 0.16940625000000012 0.16028125
0 0.070640625 0.2504375 0.14128125 0.16351562500000003
0 0.213078125 0.24759375 0.1646875 0.19206250000000002
0 0.38190624999999995 0.240734375 0.17810937499999996 0.17834374999999997
0 0.54515625 0.238875 0.17125000000000004 0.15465625000000002
0 0.69971875 0.23331249999999998 0.17896874999999995 0.18634374999999997
0 0.855703125 0.23845312500000002 0.1666875000000001 0.18520312499999997
0 0.143140625 0.39082812499999997 0.150421875 0.17028125000000002
0 0.301125 0.38482812499999997 0.15128124999999998 0.16399999999999998
0 0.463953125 0.38040625000000006 0.15954687500000003 0.163703125
0 0.60909375 0.375984375 0.16896874999999997 0.16342187500000005
0 0.7772187500000001 0.37526562499999994 0.146703125 0.16484374999999996
0 0.9265625 0.3734375 0.146875 0.159375
0 0.39959375 0.5174531250000001 0.15412499999999998 0.152359375
0 0.240046875 0.523875 0.17068750000000002 0.18520312499999997
0 0.079203125 0.523453125 0.15840625 0.17006250000000006
0 0.684453125 0.49946875 0.16440625000000003 0.167765625
0 0.8438593750000001 0.51103125 0.17210937500000006 0.15378124999999992
0 0.930203125 0.639359375 0.125015625 0.13929687499999996
0 0.786203125 0.647078125 0.14870312499999994 0.149015625
0 0.610390625 0.6503593750000001 0.1692499999999999 0.15843749999999995
0 0.46439062499999995 0.6442187500000001 0.133015625 0.14329687500000005
0 0.3146875 0.668828125 0.17553124999999997 0.17826562500000004
0 0.15198437499999998 0.665546875 0.15840624999999997 0.1688437500000001
0 0.23690625 0.79903125 0.19409375 0.187484375
0 0.07778125 0.79603125 0.1555625 0.17292187499999995
0 0.38646875 0.7911718750000001 0.150703125 0.16892187499999994
0 0.5323125 0.7837500000000001 0.17410937499999993 0.17690625000000004
0 0.686734375 0.7880312500000001 0.15756250000000005 0.179765625
0 0.86284375 0.77375 0.12729687500000003 0.15120312500000005
0 0.7749375 0.9154375 0.17410937499999993 0.16912500000000003
0 0.9238593749999999 0.9168593749999999 0.15228125000000006 0.16626562500000014
0 0.61484375 0.9203125 0.1796875 0.159375
0 0.47623437500000004 0.91971875 0.16354687499999998 0.1605625
0 0.32325 0.9232812499999999 0.16126562500000002 0.1534218750000001
0 0.160265625 0.925421875 0.18467187499999999 0.14914062500000008