0 0.8641817536386226 0.10862619808306709 0.15218317358892436 0.15335463258785942
0 0.6985800496982606 0.09664536741214058 0.17483138090166847 0.1597444089456869
0 0.5463436279730209 0.08945686900958466 0.1642882499112531 0.17412140575079874
0 0.3843095491657792 0.08706070287539937 0.19623713170039048 0.17412140575079874
0 0.23635072772452964 0.07348242811501597 0.1630812921547746 0.14696485623003194
0 0.08706070287539937 0.07907348242811502 0.17412140575079874 0.15814696485623003
0 0.926038338658147 0.24440894568690097 0.13372381966631186 0.16932907348242812
0 0.7903975860844871 0.24121405750798722 0.17980120695775664 0.19968051118210864
0 0.6183351082712105 0.23083067092651757 0.19353922612708557 0.1853035143769968
0 0.4516151934682286 0.22603833865814696 0.18608448704295358 0.16134185303514376
0 0.29382321618743346 0.21805111821086262 0.1954916577919773 0.19329073482428116
0 0.134806531771388 0.21964856230031948 0.18271210507632235 0.19329073482428116
0 0.8533546325878595 0.38817891373801916 0.16443024494142713 0.17731629392971246
0 0.6923677671281505 0.3801916932907348 0.1657436989705361 0.17092651757188498
0 0.5257898473553425 0.3722044728434505 0.17373091941782043 0.17092651757188498
0 0.3775470358537451 0.36501597444089456 0.18331558395456166 0.17092651757188498
0 0.20599929002484912 0.3610223642172524 0.1610223642172524 0.17252396166134185
0 0.06699503017394391 0.3570287539936102 0.13399006034788782 0.16613418530351437
0 0.5834398296059639 0.512779552715655 0.168441604543841 0.1597444089456869
0 0.7459176428824992 0.5231629392971247 0.185906993255236 0.19329073482428116
0 0.9024671636492723 0.5231629392971247 0.1564430244941428 0.17731629392971246
0 0.2929357472488463 0.48961661341853036 0.1786652467163649 0.17412140575079874
0 0.1296059637912673 0.4984025559105431 0.18601348952786653 0.1597444089456869
0 0.05078097266595669 0.6261980830670927 0.10156194533191339 0.14376996805111822
0 0.1800674476393326 0.6389776357827476 0.16183883564075255 0.15495207667731628
0 0.35949591764288247 0.645367412140575 0.18303159389421372 0.1645367412140575
0 0.5089989350372737 0.6421725239616614 0.145580404685836 0.1485623003194888
0 0.6595491657791978 0.6693290734824281 0.19034433794817182 0.1853035143769968
0 0.8256833510827121 0.6693290734824281 0.17234646787362445 0.1757188498402556
0 0.7310259140930068 0.8043130990415336 0.20993965211217608 0.19488817891373802
0 0.8868477103301385 0.8027156549520766 0.1549165779197726 0.17891373801916932
0 0.5789314873979411 0.7939297124600639 0.16435924742634012 0.1757188498402556
0 0.43086616968406105 0.7827476038338658 0.18867589634362794 0.18370607028753994
0 0.2726127085552006 0.7851437699680511 0.17284345047923322 0.1869009584664537
0 0.09371671991480299 0.7667731629392971 0.1395456159034434 0.15654952076677317
0 0.17518636847710328 0.9105431309904153 0.18817891373801918 0.17252396166134185
0 0.052768903088391904 0.9089456869009584 0.10553780617678381 0.16932907348242812
0 0.33777067802626903 0.9185303514376997 0.19407170749023783 0.16134185303514376
0 0.4791089811856585 0.9193290734824281 0.17809726659566924 0.16134185303514376
0 0.6354455094071707 0.9241214057507987 0.1744763933262335 0.15175718849840256
0 0.8022009229676962 0.9281150159744409 0.19808306709265175 0.14376996805111822