0 0.17693548387096775 0.04059139784946237 0.1764516129032258 0.08118279569892474
0 0.14591397849462365 0.1528494623655914 0.1821505376344086 0.1906451612903226
0 0.10636200716845878 0.33666666666666667 0.1688888888888889 0.1817204301075268
0 0.09521505376344086 0.486236559139785 0.15444444444444444 0.18236559139784936
0 0.08621863799283154 0.6477956989247312 0.12369175627240142 0.21408602150537637
0 0.07413978494623656 0.8127956989247311 0.08390681003584227 0.18731182795698922
0 0.263494623655914 0.26876344086021503 0.18390681003584233 0.19397849462365588
0 0.2279569892473118 0.4337096774193548 0.1818637992831542 0.18419354838709684
0 0.3025627240143369 0.09577956989247312 0.20501792114695336 0.19155913978494624
0 0.42146953405017923 0.20161290322580644 0.17379928315412174 0.18365591397849462
0 0.5438709677419354 0.2986021505376344 0.20781362007168458 0.18913978494623654
0 0.5034229390681004 0.46225806451612905 0.1980645161290322 0.18688172043010753
0 0.5812724014336917 0.13919354838709677 0.18942652329749088 0.17344086021505375
0 0.4483154121863799 0.0593010752688172 0.19663082437275975 0.1186021505376344
0 0.7345519713261649 0.08043010752688172 0.16999999999999996 0.16086021505376344
0 0.19949820788530467 0.5941397849462365 0.18523297491039425 0.1876344086021506
0 0.16627240143369176 0.7565053763440861 0.19268817204301075 0.21064516129032262
0 0.34672043010752696 0.5398387096774193 0.2154121863799283 0.21537634408602147
0 0.32428315412186376 0.6901612903225806 0.18992831541218644 0.1847311827956989
0 0.2814516129032258 0.8547849462365592 0.20376344086021503 0.20655913978494614
0 0.46869175627240145 0.6271505376344086 0.19336917562724018 0.18978494623655925
0 0.43469534050179215 0.8267741935483871 0.21709677419354842 0.21709677419354825
0 0.5953405017921146 0.7287096774193548 0.199820788530466 0.19021505376344094
0 0.6224731182795699 0.5748387096774193 0.1797849462365592 0.20978494623655905
0 0.6627598566308245 0.3893548387096774 0.1779569892473117 0.20483870967741935
0 0.6874193548387096 0.25263440860215053 0.18566308243727594 0.19731182795698932
0 0.840394265232975 0.1639784946236559 0.17096774193548386 0.15612903225806454
0 0.8162903225806452 0.33139784946236556 0.1984946236559139 0.19655913978494624
0 0.7767921146953405 0.49822580645161285 0.20229390681003584 0.20967741935483872
0 0.7528494623655914 0.6510752688172042 0.2029749103942652 0.18881720430107518
0 0.7330107526881721 0.8052688172043011 0.19498207885304664 0.1898924731182796
0 0.7034229390681004 0.9220967741935484 0.1723655913978495 0.07903225806451612
0 0.5530645161290322 0.8876344086021504 0.1795340501792115 0.16795698924731164
0 0.9513799283154123 0.11978494623655914 0.09724014336917544 0.17612903225806453
0 0.932795698924731 0.28978494623655915 0.13440860215053788 0.22903225806451613
0 0.9107168458781361 0.4552150537634409 0.17856630824372777 0.22440860215053762
0 0.8939605734767025 0.607741935483871 0.21207885304659488 0.22150537634408607
0 0.8705197132616487 0.7508064516129033 0.231899641577061 0.22451612903225815
0 0.8418996415770609 0.8894086021505377 0.19541218637992833 0.127204301075269