0 0.8968738229755179 0.08481481481481482 0.13815442561205285 0.16962962962962963
0 0.9327871939736346 0.2704331450094162 0.12618957940991843 0.1734337727558067
0 0.9419460138104206 0.42740740740740746 0.11610797237915872 0.1733333333333333
0 0.9532580037664783 0.5988386691776523 0.09348399246704334 0.2077212806026365
0 0.9665160075329569 0.7761016949152543 0.06696798493408636 0.1859761456371626
0 0.7875768989328312 0.20185185185185187 0.17556811048336454 0.19160075329566856
0 0.8198116760828625 0.37382297551789073 0.17541745134965483 0.18143126177024488
0 0.7519899560577527 0.05778405524168236 0.19889516635279336 0.11556811048336472
0 0.6237602008788449 0.13691776522284999 0.1669428750784684 0.18092906465787822
0 0.4921782799748901 0.243954802259887 0.20253609541745143 0.18303829252981793
0 0.5294852479598243 0.4147771500313873 0.1923666038920277 0.18243565599497813
0 0.45750156936597614 0.08155053358443189 0.18369114877589446 0.16310106716886377
0 0.6056371625863152 0.02202134337727558 0.1807658505963592 0.04404268675455116
0 0.30347143753923417 0.04925298179535468 0.15569365976145638 0.09850596359070936
0 0.8451914626490898 0.5411111111111112 0.1788575015693661 0.18502197112366586
0 0.8748336472065285 0.7098430634023853 0.18429378531073448 0.2090521029504081
0 0.6917576898932831 0.48998116760828625 0.20802259887005653 0.21045825486503456
0 0.7110420590081608 0.6466038920276209 0.18389202762084128 0.1819334588826115
0 0.7518895166352794 0.8273948524795983 0.19967357187696183 0.21843063402385438
0 0.560872567482737 0.5867984934086629 0.18733207784055256 0.18552416823603268
0 0.5911048336472065 0.7953609541745136 0.20804770872567488 0.21215317011927184
0 0.4259635907093534 0.6982736974262398 0.19408662900188325 0.18423101067168862
0 0.4015317011927181 0.5377150031387319 0.16906465787821726 0.20984306340238557
0 0.36389830508474574 0.3448587570621469 0.1689893283113622 0.20475831763967361
0 0.34311989956057753 0.20189579409918393 0.179008160703076 0.19519146264908974
0 0.18492153170119272 0.1154237288135593 0.16651600753295673 0.1521155053358443
0 0.2053170119271814 0.28979284369114877 0.19082234777150034 0.19250470809792844
0 0.24181418706842434 0.4632077840552417 0.19441305712492152 0.20626490897677335
0 0.26199623352165724 0.6231701192718142 0.19747645951035783 0.18443188951663522
0 0.2788010043942247 0.784180790960452 0.18902699309478974 0.18562460765850608
0 0.3047018204645323 0.9293848085373511 0.1761581920903955 0.11712492153170095
0 0.46258631512868803 0.8801632140615192 0.17392341494036415 0.1948901443816698
0 0.05575643440050219 0.09932831136220967 0.11000627746390457 0.10981795354676711
0 0.07236032642812304 0.24677966101694915 0.1405021971123666 0.2250847457627119
0 0.09613308223477714 0.4201004394224733 0.18272441933458883 0.21742623979912115
0 0.11210295040803518 0.5820087884494664 0.2097426239799121 0.21225360954174524
0 0.13806654111738856 0.7314500941619585 0.22168236032642813 0.21804143126177014
0 0.15847457627118644 0.9066666666666666 0.19064657878217198 0.18064030131826742