0 0.086859375 0.092921875 0.142 0.14631249999999998
0 0.250453125 0.092921875 0.14468749999999997 0.14631249999999998
0 0.43014062500000005 0.086328125 0.14053124999999994 0.13801562499999998
0 0.577625 0.088765625 0.14029687499999993 0.15265625
0 0.7374375 0.084984375 0.17201562500000006 0.162171875
0 0.9022500000000001 0.08657812499999999 0.152734375 0.16290624999999997
0 0.340234375 0.228859375 0.14857812500000006 0.140046875
0 0.50284375 0.22446875 0.1395625000000001 0.141015625
0 0.16689062500000001 0.235203125 0.146875 0.1625
0 0.25228125 0.36809375 0.141015625 0.13304687500000006
0 0.32571875 0.502328125 0.136625 0.1672968749999999
0 0.487234375 0.4925625 0.1376093750000001 0.1575312499999999
0 0.16859375000000001 0.51025 0.12492187499999999 0.15143749999999995
0 0.07648437500000001 0.36296875 0.1495625 0.15696875000000002
0 0.08417187500000001 0.645421875 0.12784374999999998 0.1329062500000001
0 0.65996875 0.224796875 0.1415156249999999 0.144125
0 0.8197812499999999 0.22198437499999998 0.1634687500000001 0.14582812499999998
0 0.5856874999999999 0.35634375 0.16126562500000005 0.16810937500000006
0 0.7323125 0.360609375 0.13735937499999995 0.14981250000000004
0 0.9039531249999999 0.35035937500000003 0.17078124999999994 0.15859375000000003
0 0.649734375 0.48842187499999995 0.1405312499999999 0.15170312500000005
0 0.84528125 0.49074999999999996 0.16321875000000005 0.16853125000000002
0 0.7262187499999999 0.6267968749999999 0.13979687500000004 0.16007812500000007
0 0.57665625 0.625703125 0.16760937499999998 0.13103125000000002
0 0.393671875 0.6321718749999999 0.16273437499999996 0.13176562500000005
0 0.25984375000000004 0.6310781249999999 0.15126562500000001 0.14178125000000003
0 0.152484375 0.7619687500000001 0.11223437499999997 0.13762500000000005
0 0.314859375 0.7680781250000001 0.14664062500000002 0.15471875000000007
0 0.47992187499999994 0.7592968750000001 0.16004687500000006 0.15667187500000007
0 0.6287499999999999 0.764421875 0.1376093749999999 0.16203125000000007
0 0.7781875 0.7719843750000001 0.14126562499999995 0.15276562500000007
0 0.9379531249999999 0.771859375 0.12409375000000011 0.1452031250000001
0 0.899203125 0.6188281250000001 0.15298437500000012 0.1368125000000001
0 0.08259375 0.9069062499999999 0.132484375 0.15423437500000006
0 0.24959375 0.90934375 0.18153125 0.15912499999999988
0 0.41342187499999994 0.90434375 0.16810937500000006 0.18084375000000003
0 0.564453125 0.903859375 0.16273437499999996 0.18962499999999985
0 0.70584375 0.89396875 0.1649374999999999 0.182046875
0 0.8801718749999999 0.8993437500000001 0.15981249999999997 0.15375000000000014