0 0.7920450350682909 0.8561646363971946 0.32560600467577216 0.22830072597514459
0 0.8611111111111112 0.6787621508551742 0.23102005660145206 0.23424387842992497
0 0.7122615971453181 0.523735695828719 0.2577457856527624 0.24440753045404207
0 0.6353882121323982 0.7236188015257783 0.24958779377384024 0.2543127845453426
0 0.552251753414544 0.8978036175710594 0.2803125384520734 0.19806816783560963
0 0.4103851359665313 0.7759443829211271 0.286452565522333 0.2761781715270089
0 0.4901070505721668 0.5519564414913252 0.3115663836594069 0.28965177802387115
0 0.3352774701611911 0.35212870677986957 0.3372708256429187 0.3429924941552848
0 0.2415528485295927 0.6243878429924942 0.28288421311677125 0.25954226651901086
0 0.20323612649194045 0.8563738156761411 0.27582133628645256 0.23125384520733366
0 0.30158730158730157 0.9445059677617818 0.23413313645871778 0.10803494524424744
0 0.1251445797957426 0.4010520487264673 0.2502891595914852 0.28427464008859354
0 0.040642303433001105 0.22892826381198472 0.08128460686600221 0.21988433616340594
0 0.1797834379229728 0.19715147040728437 0.2477051802633198 0.23935031376891844
0 0.37565522332964196 0.15118124769287558 0.32177925433739385 0.30236249538575116
0 0.5806263073704935 0.32788851974898486 0.2446044050695213 0.25427587055494033
0 0.791072966654362 0.24909560723514215 0.2889996308600958 0.3359911406423034
0 0.8994032238218284 0.44843730773963336 0.19189122677494802 0.2837824535498954
0 0.8464685615848406 0.1010458963947336 0.2007505844715147 0.2020917927894672