0 0.19099913867355728 0.12434477667035806 0.3299618555432509 0.21971207087486155
0 0.11519318321643904 0.29782207456626064 0.23038636643287808 0.23421926910299004
0 0.25193183216439036 0.45317460317460323 0.263233665559247 0.2447766703580658
0 0.3402547065337763 0.25376522702104093 0.2555309462286207 0.25622000738279804
0 0.43209671465485416 0.08885197489848652 0.28198597268364717 0.17770394979697304
0 0.5669619785898856 0.20143964562569214 0.2931093884582257 0.2769656699889258
0 0.47568598498831055 0.42580287929125143 0.31871539313399777 0.29080841638981164
0 0.6187892211148025 0.6258767072720561 0.34638858127230215 0.34451827242524913
0 0.7266395964070382 0.3538575119970469 0.28892580287929137 0.26028054632705794
0 0.7784791435954226 0.12207456626061278 0.2807308970099668 0.2302325581395349
0 0.6851236618678479 0.04346622369878184 0.2344038390550018 0.08693244739756369
0 0.8395102743939954 0.5770025839793281 0.2736064968623108 0.2848283499446291
0 0.9143533899347852 0.7495570321151717 0.1027316352897748 0.22129937246216308
0 0.7658791682047494 0.7810631229235881 0.2530084902177926 0.23957179771133252
0 0.5674541651285838 0.8319306016980436 0.3316352897748246 0.3159837578442229
0 0.37282515073212746 0.649593946105574 0.25046142488002954 0.25444813584348475
0 0.15802879291251384 0.728202288667405 0.2979574258644026 0.33846437799926177
0 0.07879291251384274 0.5262643041712809 0.15758582502768548 0.28301956441491316
0 0.09774209425372216 0.8864156515319307 0.1954841885074443 0.2251753414544114