0 0.08496875 0.26715625 0.169921875 0.27571874999999996
0 0.238671875 0.173375 0.18671875 0.181890625
0 0.40995312500000003 0.284921875 0.191796875 0.20579687499999996
0 0.23965625 0.388859375 0.204296875 0.19490625
0 0.08203125 0.496125 0.1640625 0.23365624999999995
0 0.232625 0.604953125 0.219140625 0.22864062500000007
0 0.42578125 0.49437499999999995 0.2265625 0.24967187499999993
0 0.63925 0.60378125 0.274609375 0.265375
0 0.40449999999999997 0.735203125 0.203515625 0.2274374999999999
0 0.196875 0.8090468749999999 0.175 0.22670312499999995
0 0.0654375 0.738515625 0.130859375 0.19890624999999992
0 0.63671875 0.8229218749999999 0.2265625 0.22709374999999996
0 0.816015625 0.9171875 0.18671875 0.165625
0 0.81153125 0.7221093749999999 0.189453125 0.19734374999999993
0 0.831640625 0.533 0.26484375 0.256625
0 0.61640625 0.373375 0.2046875 0.19126562500000005
0 0.65 0.166140625 0.278125 0.21928125
0 0.4421875 0.083203125 0.240625 0.16640625
0 0.813875 0.07734375 0.243359375 0.1546875