0 0.9747501469723692 0.8165608465608467 0.05049970605526156 0.13788359788359808
0 0.8559905937683715 0.760599647266314 0.1706055261610818 0.16246913580246922
0 0.9321957671957671 0.7016931216931218 0.1356084656084657 0.1475132275132276
0 0.9813639035861258 0.744973544973545 0.03727219282774845 0.1375661375661375
0 0.8824103468547914 0.5075485008818342 0.1576484420928864 0.14472663139329792
0 0.8050088183421517 0.6418518518518519 0.14651381540270414 0.14289241622574958
0 0.7000293944738388 0.5759082892416225 0.16409171075837736 0.1512169312169312
0 0.7543033509700177 0.27380952380952384 0.140141093474427 0.14116402116402116
0 0.8760082304526748 0.3433509700176367 0.16411522633744852 0.15280423280423278
0 0.8593944738389183 0.18652557319223986 0.12716049382716046 0.12183421516754851
0 0.9656084656084655 0.55005291005291 0.06878306878306903 0.14455026455026446
0 0.8240388007054673 0.060687830687830686 0.1433156966490298 0.12137566137566137
0 0.7482422104644326 0.1326278659611993 0.1416578483245151 0.1364373897707231
0 0.6341975308641975 0.20502645502645506 0.1478424456202234 0.12546737213403886
0 0.6611228689006466 0.09328042328042328 0.1287713109935332 0.12345679012345678
0 0.7324162257495591 0.037830687830687826 0.13149911816578483 0.07566137566137565
0 0.7902586713697825 0.4500529100529101 0.16416225749559082 0.15597883597883597
0 0.7094062316284538 0.4050088183421517 0.14149323927101704 0.12532627865961193
0 0.6290887713109935 0.34248677248677245 0.14649029982363315 0.141305114638448
0 0.7248618459729571 0.7516049382716049 0.1690652557319225 0.16560846560846568
0 0.7447736625514404 0.8631040564373899 0.17205173427395645 0.15298059964726626
0 0.5853497942386832 0.8198059964726631 0.16413874191651967 0.15439153439153436
0 0.5364902998236332 0.5763668430335097 0.1626455026455027 0.16070546737213418
0 0.585432098765432 0.5038271604938271 0.1543092298647855 0.13354497354497352
0 0.5345796590241034 0.28663139329806 0.1287242798353909 0.1202821869488536
0 0.5107642563198118 0.12599647266313932 0.12870076425631974 0.11869488536155202
0 0.43915931804820696 0.2228571428571428 0.16710170487948264 0.14017636684303353
0 0.31225161669606116 0.17724867724867727 0.15921222810111701 0.1431746031746032
0 0.20300411522633746 0.14474426807760143 0.13537918871252205 0.14105820105820108
0 0.4612110523221634 0.9075132275132275 0.18974720752498525 0.16924162257495598
0 0.4337918871252205 0.7715696649029983 0.16572604350382125 0.1544268077601411
0 0.3989476778365667 0.6167372134038801 0.18188124632569078 0.17382716049382727
0 0.4521164021164021 0.45439153439153435 0.16119929453262785 0.17019400352733677
0 0.34982363315696646 0.40902998236331567 0.1481481481481481 0.1461022927689595
0 0.23233392122281013 0.35606701940035274 0.15963550852439742 0.17174603174603173
0 0.3075896531452087 0.880758377425044 0.14985302763080538 0.15407407407407397
0 0.28084656084656084 0.7368606701940036 0.1802469135802469 0.17061728395061737
0 0.24523221634332745 0.5836331569664903 0.17373309817754265 0.15936507936507951
0 0.2241387419165197 0.44596119929453265 0.1753909465020576 0.16416225749559082
0 0.19354497354497355 0.9531569664902997 0.17904761904761907 0.08966490299823658
0 0.16101704879482656 0.8474955908289241 0.1866901822457378 0.17710758377425045
0 0.12213403880070546 0.687989417989418 0.18825396825396826 0.1755555555555556
0 0.09799529688418578 0.5591181657848324 0.18192827748383306 0.17700176366843043
0 0.08133450911228689 0.39911816578483245 0.15363903586125807 0.1954144620811287
0 0.11830099941211052 0.3220811287477954 0.16626690182245737 0.1909347442680776