0 0.7161757394978872 0.1277964205816555 0.1783867760377828 0.16237882177479493
0 0.8183507332836192 0.14712279393487449 0.14653243847874728 0.16169525229927917
0 0.8685930897340293 0.10045364156102413 0.09502858563261257 0.07910763112105394
0 0.8555120556798409 0.3598371861794681 0.16493910017399951 0.1597066865523241
0 0.7217996520009943 0.25838926174496646 0.15316927665920954 0.15715883668903807
0 0.6505157842406165 0.3648086005468556 0.17172508078548337 0.16523738503604282
0 0.8370867511807109 0.6398210290827742 0.14643301019139943 0.1549838429033061
0 0.9161073825503355 0.5213770817797664 0.15664926671638071 0.1657966691523738
0 0.9506711409395974 0.6826684066616953 0.08235147899577422 0.12844891871737507
0 0.9188851603281134 0.2771874223216505 0.08262490678598075 0.14690529455630125
0 0.9609806114839672 0.8371240367884664 0.05770569226945061 0.16181953765846385
0 0.8946122296793437 0.7818170519512802 0.14803629132488205 0.15007457121551082
0 0.7530574198359433 0.7562142679592344 0.1545737012179965 0.13882674620929658
0 0.8288590604026845 0.8550521998508577 0.13441461595824009 0.135657469550087
0 0.9247514292816307 0.9016281382053195 0.12762863534675606 0.13012677106636855
0 0.7928287347750435 0.45261620681083764 0.1718245090728312 0.17194879443201597
0 0.7362664678100919 0.5290517027094209 0.14783743475018638 0.13665175242356453
0 0.6878573204076559 0.6220482227193637 0.15311956251553582 0.15380313199105158
0 0.596128511061397 0.18105269699229432 0.17698235147899585 0.1807109122545364
0 0.567232165050957 0.09072831220482228 0.17761620681083767 0.11036539895600297
0 0.4316865523241362 0.16971165796669152 0.1717747949291573 0.1685930897340293
0 0.49419587372607504 0.42881556052696995 0.17022122793934877 0.17685806611981106
0 0.5740616455381556 0.4800832711906538 0.16308724832214772 0.14783743475018638
0 0.6218058662689534 0.7154175988068606 0.13436490181456617 0.1323017648521004
0 0.6713957245836439 0.8828610489684315 0.1343400447427292 0.13062391250310693
0 0.5598371861794681 0.816648023862789 0.17490678598061163 0.1537409893114592
0 0.4593276162068108 0.911664180959483 0.16659209545115586 0.15815311956251568
0 0.36941958737260755 0.9545737012179965 0.14095202585135472 0.09085259756400715
0 0.27352721849366146 0.13112105393984588 0.19386030325627637 0.18866517524235646
0 0.30915361670395225 0.27737385036042755 0.17347750434998752 0.17039522744220728
0 0.34532065622669655 0.44382301764852106 0.1905543127019637 0.19177230922197366
0 0.46840666169525236 0.5822769077802635 0.16869251802137705 0.186800894854586
0 0.3915485955754412 0.6681270196370868 0.15489684315187674 0.16063882674620933
0 0.30273427790206314 0.7673688789460601 0.1670395227442207 0.1883544618443949
0 0.14034924185930894 0.22035794183445187 0.15669898086005468 0.16915237385036036
0 0.17924434501615708 0.37273179219487945 0.18882674620929654 0.1882923191648023
0 0.21290703455132987 0.5381556052696993 0.18194133731046483 0.1760502112851105
0 0.2544556301267711 0.6814876957494408 0.18369376087496891 0.18120805369127516
0 0.03629132488192891 0.16380810340541885 0.07258264976385782 0.15983097191150883
0 0.05627019637086751 0.3113348247576435 0.11254039274173502 0.186428038777032
0 0.07345886154610987 0.4830039771314939 0.14691772309221973 0.18748446433010196
0 0.09007581406910266 0.6202771563509819 0.18015162813820532 0.19164802386278887
0 0.12096694009445688 0.7916977380064628 0.1992418593089734 0.21252796420581668
0 0.2083457618692518 0.8460415113099677 0.17237136465324387 0.20886154610986832