0 0.05546875 0.07890625 0.1109375 0.1421875
0 0.152125 0.234328125 0.128578125 0.14123437499999997
0 0.1900625 0.14585937499999999 0.12101562500000003 0.11312500000000003
0 0.12578125 0.05859375 0.1140625 0.1171875
0 0.388296875 0.14976562499999999 0.11296874999999998 0.13068749999999998
0 0.27875 0.2555625 0.11345312500000002 0.12026562500000001
0 0.36743750000000003 0.339890625 0.11759375000000002 0.13520312500000004
0 0.64240625 0.217234375 0.11418750000000007 0.11292187499999998
0 0.54628125 0.1169375 0.11906250000000007 0.13579687499999998
0 0.700234375 0.0964375 0.09612499999999997 0.104546875
0 0.3216875 0.051359375 0.12271875000000003 0.10271875
0 0.8469843750000001 0.0955 0.13101562499999994 0.1124375
0 0.778921875 0.1901875 0.10857812500000001 0.11639062500000001
0 0.7376875 0.315515625 0.09589062500000001 0.1255
0 0.8375937499999999 0.262921875 0.09662499999999996 0.10568749999999998
0 0.8926093749999999 0.1775 0.09198437499999983 0.11053125000000001
0 0.46576562499999996 0.22384374999999998 0.12393750000000008 0.134890625
0 0.528109375 0.29034375 0.09490625000000001 0.11906249999999999
0 0.60715625 0.352078125 0.11053125000000001 0.12056250000000004
0 0.193109375 0.35762499999999997 0.13101562499999997 0.136734375
0 0.081734375 0.36475 0.11710937499999999 0.14587500000000003
0 0.161765625 0.507390625 0.12101562499999999 0.13595312499999998
0 0.40646875 0.49617187500000004 0.127359375 0.133015625
0 0.463203125 0.431734375 0.10173437500000002 0.13103125000000002
0 0.683765625 0.429296875 0.09393750000000001 0.10662500000000001
0 0.8427187500000001 0.41415625 0.09221874999999997 0.10564062500000002
0 0.768296875 0.5054375 0.10442187500000007 0.14181249999999998
0 0.842234375 0.615921875 0.11076562500000006 0.13343749999999996
0 0.9000468749999999 0.7128125 0.11418749999999989 0.107625
0 0.09637500000000002 0.64740625 0.15615625 0.15250000000000002
0 0.24471875 0.63959375 0.12101562499999999 0.13687500000000002
0 0.40049999999999997 0.636671875 0.13735937499999995 0.15053125000000006
0 0.542984375 0.54734375 0.13931249999999995 0.1280312499999999
0 0.611421875 0.633984375 0.11759374999999998 0.12074999999999995
0 0.690953125 0.7345312500000001 0.140046875 0.1266718749999999
0 0.17078125 0.78590625 0.12443750000000002 0.11962499999999991
0 0.314984375 0.77725 0.134671875 0.14867187499999995
0 0.470640625 0.77578125 0.12393750000000008 0.14573437499999997
0 0.606546875 0.76334375 0.127359375 0.14523437499999997
0 0.08746875000000001 0.92465625 0.14078125 0.15068750000000009
0 0.23828125 0.9203125 0.1390625 0.159375
0 0.40049999999999997 0.91921875 0.13735937499999995 0.15934375000000003
0 0.53065625 0.917328125 0.13662500000000008 0.1653281249999999
0 0.691203125 0.914890625 0.1551718749999999 0.17021875000000009
0 0.750828125 0.8352812500000001 0.15892187500000005 0.12890625