0 0.8057057057057057 0.7204391891891891 0.2846096096096095 0.2652027027027027
0 0.6084084084084085 0.8496621621621622 0.23130630630630641 0.22297297297297297
0 0.41009759759759756 0.7052364864864865 0.2605105105105106 0.24493243243243243
0 0.21210585585585584 0.879222972972973 0.2722597597597598 0.24155405405405406
0 0.20525525525525526 0.6089527027027027 0.25056306306306303 0.2533783783783784
0 0.4326201201201201 0.46452702702702703 0.21820570570570574 0.24155405405405406
0 0.2059496996996997 0.41216216216216217 0.20270270270270271 0.22804054054054054
0 0.4330893393393394 0.25760135135135137 0.2418543543543542 0.24155405405405406
0 0.627759009009009 0.35219594594594594 0.21531531531531536 0.2635135135135135
0 0.6210397897897898 0.5819256756756757 0.2046171171171171 0.23817567567567569
0 0.8399399399399399 0.47466216216216217 0.2693693693693694 0.2635135135135135
0 0.8167792792792792 0.2685810810810811 0.26884384384384385 0.23986486486486486
0 0.8434496996996996 0.0625 0.22743993993993986 0.125
0 0.4755818318318319 0.041385135135135136 0.24846096096096107 0.08277027027027027
0 0.26295045045045046 0.1266891891891892 0.18697447447447443 0.20439189189189189
0 0.07606981981981982 0.23057432432432431 0.14786036036036035 0.2685810810810811