0 0.2764413898434517 0.9079642357133767 0.18015782105129183 0.18407152857324668
0 0.2579228713249332 0.9820542191676213 0.15616647575410456 0.035891561664757585
0 0.409252895507191 0.964935726104111 0.17653048237240682 0.07012854779177798
0 0.45201730940562557 0.8998981799669086 0.1979126893216241 0.20020364006618294
0 0.6000381825124094 0.8852615502100037 0.22158584701540024 0.22947689957999254
0 0.47339951635484284 0.7596410843833524 0.21153111874761354 0.19829451444571716
0 0.29149166348479066 0.6662530227822324 0.2002672775868652 0.21846760850197278
0 0.3980526918671249 0.6478935980654194 0.1712485681557846 0.17621229476899578
0 0.6595074455899199 0.7347906325569555 0.20338551610029285 0.21000381825124084
0 0.5405371006745577 0.6265750286368842 0.19562173857706502 0.18569428535064283
0 0.43117602138220695 0.49984090619829447 0.1960035637011581 0.19600356370115832
0 0.8645475372279496 0.8273195876288659 0.2082856051928218 0.2033218785796104
0 0.7891688939798905 0.7147129947817232 0.18677612320224002 0.17850324551355484
0 0.9476899579992363 0.8018327605956471 0.10462008400152735 0.2298587247040856
0 0.9112574774086801 0.6691167112129311 0.1774850451826397 0.19288532518773066
0 0.8258241058928345 0.5693648975435917 0.20949471808578327 0.1896398116329389
0 0.6723304060073819 0.5945653557337407 0.19441262568410336 0.19937635229731435
0 0.5885197912689322 0.48593610792923514 0.19810360188367063 0.20637647957235583
0 0.7269950362733868 0.4490263459335624 0.15928471426753213 0.1774850451826397
0 0.8746977217767596 0.4296169021254932 0.20141275295914463 0.20306732849688172
0 0.9389079801450936 0.5301960035637011 0.12218403970981286 0.17175766832124215
0 0.6145157184676086 0.33075601374570446 0.17869415807560138 0.19193076237749776
0 0.7595456281023291 0.3086737940689831 0.179839633447881 0.17653048237240682
0 0.8881888761613846 0.2842688048873616 0.15680285096092633 0.15680285096092653
0 0.6742077128675067 0.18197149039073438 0.20459462899325453 0.1963217513045692
0 0.8244877179585083 0.16265750286368844 0.2082856051928216 0.20332187857961057
0 0.7099083619702176 0.08034236986127022 0.1827033218785795 0.11486572483136057
0 0.5609965635738832 0.0902698230876925 0.18384879725085912 0.14579355988290696
0 0.4687539773450426 0.35624284077892326 0.19568537609774728 0.187412498409062
0 0.40826651393661706 0.22874506809214712 0.19256713758431973 0.1958762886597938
0 0.42312587501590937 0.09717449408171058 0.1864579355988291 0.16991218022145857
0 0.27141402570955836 0.12415680285096091 0.19905816469390353 0.1858215603920071
0 0.24649993636247933 0.2622184039709813 0.21458571974035895 0.23444062619320352
0 0.13048873615883924 0.14124347715413008 0.15355733740613467 0.1618302150948199
0 0.04658266513936617 0.16902125493190784 0.0869288532518773 0.16965763013872978
0 0.2081583301514573 0.4083619702176403 0.1948580883288787 0.21140384370624915
0 0.11922489499809087 0.8331742395316278 0.09539264350260916 0.16653939162530218
0 0.06462390225276823 0.6098065419371261 0.09055619193076236 0.17493954435535186
0 0.13688430698739978 0.7077128675066819 0.19263077510500193 0.19759450171821305
0 0.16004836451571847 0.5687285223367697 0.18531246022654957 0.18531246022654957
0 0.08428789614356624 0.44581265113911156 0.14312078401425482 0.20434007891052555
0 0.09306987399770905 0.28913707521954946 0.1718849433626066 0.1933944253531882
0 0.04136438844342624 0.3060964744813542 0.06643757159221077 0.17233040600738198