0 0.3244591125779245 0.8210854418775211 0.30097787556533434 0.3235056839017236
0 0.16806013934726804 0.6409240924092409 0.25104510451045103 0.2635496883021635
0 0.27623762376237626 0.4354052071873854 0.27767999022124434 0.29607627429409605
0 0.10749297151937418 0.2588192152548588 0.21339689524508007 0.3031169783645031
0 0.33656032269893654 0.22775944261092773 0.2842195330644176 0.28811881188118804
0 0.512962962962963 0.43602860286028605 0.2674734140080674 0.2543821048771544
0 0.5269649187140936 0.21065273193986064 0.25249969441388587 0.23722038870553722
0 0.7132563256325632 0.4177117711771177 0.27094487226500413 0.27763109644297757
0 0.6528602860286028 0.6154565456545655 0.2872753942060874 0.25526219288595525
0 0.4294401662388461 0.6294462779611295 0.2624251314020291 0.24096076274294098
0 0.5678645642342012 0.8327282728272827 0.2959051460701626 0.30678401173450665
0 0.7638674978608971 0.7919508617528419 0.2744285539665078 0.3025302530253024
0 0.943772154993277 0.7967913458012467 0.11245569001344598 0.2444811147781445
0 0.9341706392861509 0.43916391639163915 0.13165872142769824 0.2600660066006601
0 0.8125779244591126 0.24149248258159148 0.22596259625962606 0.21789512284561796
0 0.6819887544309986 0.09382104877154382 0.2814692580369148 0.1395306197286395