0 0.202 0.218109375 0.13782812499999997 0.13348437500000002
0 0.07703125 0.176921875 0.13151562499999997 0.12556249999999997
0 0.053578125 0.06384375 0.10715625 0.12767187500000002
0 0.07579687499999999 0.31871875 0.1448125 0.14296875
0 0.1818125 0.37771875 0.14932812499999998 0.14593749999999997
0 0.1690625 0.512890625 0.180234375 0.15910937500000005
0 0.302953125 0.427140625 0.14346874999999998 0.15906249999999997
0 0.41404687500000004 0.28509375000000003 0.16489062499999996 0.14340625000000004
0 0.4139375 0.38493750000000004 0.13082812500000002 0.12428124999999998
0 0.2961875 0.600171875 0.15700000000000003 0.1487187500000001
0 0.41032812500000004 0.5170312499999999 0.1344375 0.14709374999999997
0 0.5394687499999999 0.447421875 0.14504687500000008 0.14546875000000004
0 0.182375 0.7637031249999999 0.14820312499999996 0.15545312500000003
0 0.293703125 0.721390625 0.129484375 0.14075000000000007
0 0.181921875 0.9045 0.174375 0.175390625
0 0.312765625 0.85621875 0.13828125 0.16001562500000005
0 0.41618750000000004 0.7870625 0.13534375 0.15929687500000006
0 0.418 0.64309375 0.147984375 0.14206249999999992
0 0.527625 0.592328125 0.154296875 0.14429687500000005
0 0.538453125 0.7238749999999999 0.13625000000000007 0.11414062499999993
0 0.5316875 0.8618593750000001 0.14978125000000003 0.14873437500000009
0 0.42960937499999996 0.928703125 0.12835937499999997 0.142578125
0 0.660265625 0.649859375 0.14526562500000004 0.12853124999999999
0 0.6566562499999999 0.7849062499999999 0.12903125000000007 0.13470312499999998
0 0.65890625 0.9058125 0.11549999999999994 0.11484375
0 0.782296875 0.736703125 0.1434687500000001 0.15334375000000006
0 0.7755312499999999 0.8760468749999999 0.14798437499999997 0.15456250000000002
0 0.906484375 0.79978125 0.1549687500000001 0.13735937500000003
0 0.90884375 0.660359375 0.15745312499999997 0.13825000000000004
0 0.6609375 0.51353125 0.13534375 0.146875
0 0.783203125 0.487703125 0.14526562500000004 0.142578125
0 0.9152812499999999 0.531921875 0.15903124999999996 0.14079687500000002
0 0.90940625 0.388140625 0.15632812499999993 0.148734375
0 0.77834375 0.33421875 0.17843750000000008 0.15367187499999996
0 0.914265625 0.25782812499999996 0.14120312500000018 0.1114375
0 0.9069218749999999 0.127421875 0.13782812500000005 0.14835937500000002
0 0.65553125 0.26773437499999997 0.16060937499999994 0.14024999999999999
0 0.29493749999999996 0.060390624999999996 0.14098437500000002 0.12078124999999999
0 0.5005468750000001 0.059046874999999985 0.148421875 0.11807812499999999
0 0.40242187500000004 0.13474999999999998 0.14617187499999998 0.14723437499999997
0 0.5207499999999999 0.18890625 0.136921875 0.13823437499999996
0 0.644921875 0.11860937499999999 0.15745312499999997 0.15421875
0 0.77903125 0.1861875 0.14504687500000008 0.1328125
0 0.778234375 0.09153125 0.13985937500000006 0.13073437499999999