0 0.8106168869834465 0.23392282958199356 0.14826723829939256 0.14517089436703587
0 0.933488150529951 0.19768965106585684 0.13302369894009788 0.135286411813743
0 0.9518875788972253 0.09473621531499345 0.09622484220554942 0.10968202929617722
0 0.9327736096224842 0.34226509467667027 0.13445278075503145 0.15481719661783971
0 0.835179230677623 0.398594736215315 0.16321305228057634 0.15856853638204127
0 0.8515838990115518 0.5380790758604264 0.19429558175538864 0.17416934619506955
0 0.7115934262236513 0.44298559009169947 0.15731808979397421 0.17279980945575807
0 0.59437894486126 0.29093723949029415 0.17923067762296066 0.15755627009646303
0 0.5965821126592831 0.39377158508991306 0.1414790996784566 0.135286411813743
0 0.7221924496844111 0.6207871858997261 0.1697630105990235 0.16202215076813156
0 0.6032213885911635 0.5296832201976897 0.1471358818625699 0.15797308562581888
0 0.4678456591639871 0.45081576753602476 0.1583899011551744 0.1583899011551744
0 0.842681910206026 0.796236751220674 0.1619626056925091 0.16815529355722283
0 0.7268071930451352 0.7453852566392759 0.14207455043467898 0.15136358223174945
0 0.8455698463737049 0.9225020840776468 0.19000833631058717 0.15499583184470642
0 0.7102536620221508 0.8836489222341313 0.15088722162677146 0.1725616291532689
0 0.6022388948433964 0.8065975943789448 0.14927950458497083 0.1725020840776468
0 0.5975646064070502 0.6587173990710968 0.1614862450875311 0.1552935572228177
0 0.48380373943074906 0.5999166368941289 0.16797665833035616 0.15713945456710735
0 0.4751697034655234 0.7352625937834941 0.14594498035012513 0.12581874478980604
0 0.4844289627247826 0.8768905561510062 0.16333214243182093 0.16178397046564238
0 0.5914314636179588 0.9367035846135523 0.14201500535905687 0.1265928307728953
0 0.3484577825413839 0.6518994879123498 0.15612718828152908 0.14064546861974522
0 0.3544122901036085 0.7909967845659164 0.14022865309038934 0.14487316898892458
0 0.3549779683220198 0.9146421340955103 0.12504465880671659 0.12504465880671675
0 0.22466357032273435 0.734012147195427 0.15707990949148504 0.1663689412885555
0 0.23401214719542693 0.8780516851256401 0.16196260569250925 0.16815529355722283
0 0.1047397880195308 0.7905799690365607 0.15648445873526257 0.15029177087054907
0 0.09944027628915089 0.6474931523163034 0.1564844587352626 0.15029177087054907
0 0.34485530546623794 0.5112837918304156 0.14880314397999284 0.15964034774324165
0 0.2192151959032988 0.4785340002381803 0.15827081100393 0.15517446707157312
0 0.09375372156722639 0.5156305823508396 0.15499583184470644 0.15344765987852807
0 0.09232463975229249 0.36867333571513633 0.1617839704656425 0.16333214243182093
0 0.22061450518042158 0.3212456829820174 0.1924496844110992 0.16767893295224487
0 0.08333333333333334 0.23428010003572705 0.14582589019888056 0.12260331070620456
0 0.08401810170298916 0.10104799333095153 0.15047040609741574 0.1613076098606645
0 0.34515303084434923 0.25922948672144813 0.17428843634631414 0.15416220078599505
0 0.714183637013219 0.07943313088007622 0.15005359056806009 0.1067047755150649
0 0.5017863522686673 0.06675002977253783 0.1579135405501964 0.10217934976777421
0 0.603102298439919 0.1363284506371323 0.16005716327259734 0.16005716327259734
0 0.4821067047755151 0.18563177325235203 0.15005359056806009 0.15005359056806
0 0.35316184351554125 0.10700250089317613 0.17160890794331304 0.1685125640109563
0 0.21656544003810885 0.16857210908657852 0.15630582350839586 0.14546861974514705
0 0.21546385613909733 0.07380612123377397 0.15118494700488275 0.13725139930927713