0 0.23046875 0.2835625 0.2578125 0.24603124999999998
0 0.4154375 0.1641875 0.209765625 0.2065
0 0.59628125 0.297625 0.235546875 0.22729687499999995
0 0.7828125 0.126484375 0.246875 0.244390625
0 0.78340625 0.38671875 0.226953125 0.23359375
0 0.570703125 0.52009375 0.19609375 0.22301562500000002
0 0.77890625 0.568546875 0.1828125 0.21053125
0 0.565625 0.711953125 0.21875 0.22390624999999992
0 0.3875 0.62403125 0.19375 0.24339062499999997
0 0.39823437500000003 0.411671875 0.183984375 0.22098437500000007
0 0.193953125 0.511109375 0.243359375 0.24410937500000002
0 0.211328125 0.701546875 0.24296875 0.22260937500000005
0 0.18203125 0.9171875 0.2078125 0.165625
0 0.522078125 0.93671875 0.227734375 0.1265625
0 0.720703125 0.832828125 0.16796875 0.18829687499999997
0 0.91484375 0.73671875 0.1703125 0.2484375