0 0.24185883997204752 0.9030864197530863 0.1310971348707198 0.12601910086186835
0 0.3772711390635919 0.8472105753552295 0.14157931516422087 0.1500931749359421
0 0.2505241090146751 0.7789249941765666 0.15894479385045426 0.1525623107384114
0 0.16212438853948288 0.7047111576985791 0.11809923130677843 0.11593291404612162
0 0.25097833682739346 0.647309573724668 0.14294199860237594 0.1454577218728163
0 0.14573724668064292 0.5842126717912881 0.14007686932215235 0.1515839739110179
0 0.3827393431167016 0.7043035173538318 0.13357791754018164 0.14654088050314473
0 0.504245283018868 0.9028767761472165 0.16215932914046122 0.15429769392033524
0 0.5098183088749126 0.7623282087118566 0.17037037037037045 0.16256696948520843
0 0.5096261355695318 0.6338982063824831 0.15614954577218731 0.16026088982063816
0 0.3790880503144654 0.5689610994642441 0.15422781271837877 0.15231772653156303
0 0.2453004891684137 0.5018285581178663 0.14280223619846258 0.142313067784766
0 0.13380503144654088 0.4398439319822968 0.12952480782669465 0.12593757279291865
0 0.24975541579315164 0.3715816445376193 0.1495108315863033 0.15207314232471467
0 0.3743885394828791 0.44549266247379454 0.1509433962264151 0.14901001630561386
0 0.1375087351502446 0.3104239459585372 0.15607966457023062 0.15868856277661308
0 0.3679070580013976 0.31738877242021896 0.15314465408805028 0.16324248777078962
0 0.24538784067085953 0.23785231772653154 0.14500349406009785 0.15654553924994175
0 0.13438155136268345 0.18687398089913812 0.1380852550663871 0.14206848357791754
0 0.21374912648497557 0.11105287677614722 0.11893780573025856 0.13480083857442346
0 0.3574598183088749 0.15324365245748894 0.15614954577218731 0.16026088982063824
0 0.6089447938504542 0.12050430934078732 0.22306079664570233 0.2186349871884463
0 0.5108490566037736 0.20044840437922198 0.14088050314465395 0.13436990449569064
0 0.514535290006988 0.3011180992313068 0.1677148846960169 0.17341020265548568
0 0.6057477288609364 0.3145119962730026 0.15499650593990216 0.16961332401583976
0 0.7301537386443047 0.33012462147682275 0.15251572327044025 0.1490915443745633
0 0.7314465408805031 0.2173771255532262 0.16257861635220122 0.16373165618448637
0 0.6091893780573026 0.44513743303051484 0.13909853249475895 0.12957139529466571
0 0.7243535988819008 0.44783368273934315 0.13965758211041243 0.14215001164686697
0 0.7363556953179594 0.5937747495923597 0.14622641509433962 0.1487654320987655
0 0.6204227812718379 0.5383240158397391 0.13923829489867223 0.13271604938271603
0 0.6297344514325646 0.6591893780573025 0.13487071977638024 0.14033310039599345
0 0.6214360587002097 0.7738760773351968 0.13214535290006993 0.14960400652224554
0 0.7260831586303285 0.8945259725133939 0.15244584206848352 0.14751921733053786
0 0.7297868623340321 0.7651059864896343 0.14664570230607965 0.15819939436291625
0 0.8987421383647799 0.825687165152574 0.17030048916841373 0.16099464244118328
0 0.9141596785464711 0.5395061728395062 0.17168064290705798 0.1676100628930818
0 0.9182040531097134 0.41256696948520843 0.1588749126484976 0.15098998369438624
0 0.9176100628930818 0.28256464011180993 0.1647798742138364 0.15760540414628468
0 0.9255153738644304 0.15981248544141627 0.1489692522711392 0.15719776380153735
0 0.07589098532494759 0.7856161192639181 0.08916841369671558 0.1709061262520382
0 0.11271837875611462 0.05872932681108782 0.14682040531097137 0.11745865362217564