0 0.014545687556068181 0.34302832244008713 0.029091375112136362 0.1497244649493784
0 0.06275791362296552 0.48364731513520437 0.12551582724593105 0.1818275022427271
0 0.09177239523260285 0.3340061514801999 0.1835447904652057 0.20484429065743942
0 0.15073048827374086 0.2250865051903114 0.150480584390619 0.1537357426630783
0 0.22809175957964886 0.3112713059079841 0.18682557990516466 0.18519800076893508
0 0.27893118031526337 0.1858067409970524 0.1919133666538511 0.18377547097270283
0 0.18772267076765348 0.4651352044085608 0.184480328078944 0.17471485326156605
0 0.04568114827630399 0.6256119441240547 0.09136229655260798 0.18894015122388813
0 0.1450660002563117 0.6136550044854544 0.21126489811610918 0.2194027937972574
0 0.2844546969114443 0.5906638472382417 0.20515186466743562 0.20352428553120605
0 0.3343393566576958 0.4373638344226579 0.19629629629629633 0.1995514545687556
0 0.3852941176470588 0.28065487632961683 0.1833653722927079 0.1849929514289376
0 0.43394848135332564 0.14811610918877355 0.1614763552479815 0.16473151352044085
0 0.5270216583365372 0.2621427656029732 0.19598872228630013 0.19436114315007055
0 0.46696142509291294 0.41136742278610794 0.19252851467384338 0.19415609381007307
0 0.5748109701396898 0.12955273612713059 0.20331923619120842 0.20169165705497885
0 0.6049788542868129 0.38221837754709725 0.20840702293989477 0.20026912725874668
0 0.6719082404203511 0.2342688709470716 0.19924388055875947 0.1911059848776112
0 0.7075804177880303 0.1157183134691785 0.17999487376649992 0.1572087658592849
0 0.8045943867743175 0.17789311803152633 0.16961425092912968 0.1565936178392926
0 0.7826925541458414 0.342400358836345 0.20515186466743562 0.20352428553120594
0 0.84679610406254 0.6083621683967705 0.25658080225554275 0.28587722670767646
0 0.7567153658849161 0.5170831731385365 0.17440727925157004 0.17929001666025876
0 0.6478085351787773 0.5384083044982699 0.22327310008970916 0.21839036268102024
0 0.6478662053056518 0.6399782135076253 0.21553248750480586 0.20413943355119823
0 0.650961168781238 0.7781878764577725 0.19263103934384218 0.19588619761630133
0 0.7744200948353198 0.7603293605023709 0.21075227476611555 0.21075227476611555
0 0.5065423555042932 0.666327053697296 0.16911444316288612 0.17725233884403438
0 0.5225169806484685 0.7922786107907215 0.18143021914648214 0.18143021914648214
0 0.36566705113417913 0.8315968217352301 0.1904908368576188 0.18886325772138904
0 0.40674099705241573 0.6951364859669358 0.17084454696911439 0.17735486351403298
0 0.27732282455465845 0.7256632064590542 0.17929001666025884 0.17440727925156985
0 0.1508137895681148 0.736396257849545 0.18794053569140073 0.17491990260156345
0 0.06575355632449059 0.8658656926823016 0.13150711264898118 0.1785595283865179
0 0.1785979751377675 0.8534986543637062 0.2010765090349865 0.1929386133538382
0 0.13915801614763554 0.9684224016403947 0.19268230167884148 0.06315519671921047
0 0.44860310137126747 0.9524605920799692 0.19565551710880424 0.09507881584006145
0 0.5868640266564142 0.9468185313341024 0.18100730488273747 0.10636293733179523
0 0.728085351787774 0.933999743688325 0.1863001409714214 0.13200051262335
0 0.8608547994361142 0.9277841855696527 0.18171216198897863 0.12800205049339997
0 0.0748878636421889 0.14124054850698448 0.1497757272843778 0.14061258490324233
0 0.838876073305139 0.09745610662565679 0.14923747276688448 0.1036652569524542