0 0.8168458781362007 0.3412903225806452 0.26032258064516106 0.263763440860215
0 0.6978673835125448 0.18446236559139784 0.26659498207885285 0.2561290322580645
0 0.7820071684587814 0.590752688172043 0.26197132616487456 0.2654838709677418
0 0.6204659498207885 0.408494623655914 0.26082437275985665 0.2863440860215054
0 0.5293369175627239 0.6326344086021506 0.2850896057347671 0.2911827956989247
0 0.3695340501792114 0.4559139784946236 0.2760573476702509 0.24709677419354847
0 0.5815949820788531 0.06397849462365592 0.2599641577060932 0.12795698924731183
0 0.893853046594982 0.7594623655913979 0.2122939068100359 0.290967741935484
0 0.7070967741935483 0.8178494623655914 0.25078853046594973 0.26956989247311824
0 0.490179211469534 0.8331182795698924 0.2931182795698925 0.29010752688172065
0 0.3294802867383512 0.6887634408602151 0.2735483870967742 0.27913978494623665
0 0.2603942652329749 0.3056989247311828 0.2638351254480287 0.27688172043010756
0 0.1653763440860215 0.5002150537634409 0.2866666666666667 0.28967741935483876
0 0.22336917562724012 0.8929032258064514 0.3106093189964158 0.20752688172042985
0 0.35736559139784946 0.10634408602150539 0.27279569892473116 0.21268817204301077
0 0.12421146953405017 0.13790322580645162 0.24670250896057347 0.2306451612903226
0 0.9445340501792114 0.5083333333333334 0.11093189964157714 0.2467741935483871
0 0.891505376344086 0.139247311827957 0.18154121863799264 0.26978494623655913