0 0.56484375 0.196625 0.2078125 0.2166875
0 0.73984375 0.282984375 0.1984375 0.22532812500000005
0 0.334765625 0.273796875 0.20859375 0.21868749999999998
0 0.542765625 0.39473437499999997 0.230078125 0.214453125
0 0.34921875 0.5193749999999999 0.2296875 0.23718749999999994
0 0.551171875 0.640109375 0.18828125 0.23648437500000002
0 0.9203125 0.36484375 0.159375 0.2265625
0 0.1345625 0.159703125 0.250390625 0.2405
0 0.13046875 0.382953125 0.2234375 0.20651562500000004
0 0.15546875 0.592 0.2484375 0.24181249999999999
0 0.338484375 0.71775 0.219921875 0.22770312500000003
0 0.71778125 0.717359375 0.220703125 0.21910937500000002
0 0.553328125 0.840453125 0.227734375 0.23871874999999995
0 0.119140625 0.8625 0.23828125 0.275
0 0.904875 0.5891875 0.190234375 0.2315468749999999
0 0.91015625 0.826375 0.1796875 0.22620312499999998
0 0.37479687500000003 0.070515625 0.215234375 0.141015625
0 0.741984375 0.08028125 0.230859375 0.160546875