0 0.1560126582278481 0.45270745428973275 0.24240506329113923 0.22341772151898742
0 0.24952531645569617 0.27413853727144866 0.24810126582278483 0.2140646976090014
0 0.2268987341772152 0.684845288326301 0.2440928270042194 0.2250351617440224
0 0.3559599156118144 0.47220464135021095 0.24071729957805907 0.24549929676511956
0 0.47689873417721523 0.6666315049226442 0.26445147679324893 0.246026722925457
0 0.6055379746835444 0.46031997187060475 0.25843881856540074 0.20323488045007035
0 0.33850210970464134 0.09229957805907173 0.24525316455696203 0.17134317862165963
0 0.11962025316455695 0.877795358649789 0.2392405063291139 0.24440928270042198
0 0.3312763713080169 0.8852496483825597 0.23238396624472574 0.2295007032348805
0 0.5438818565400844 0.8622362869198313 0.2704641350210971 0.2651195499296767
0 0.677584388185654 0.6750527426160338 0.254324894514768 0.23632208157524623
0 0.6889240506329114 0.2910337552742616 0.244831223628692 0.23611111111111102
0 0.8094409282700423 0.45613572433192684 0.265928270042194 0.24447960618846706
0 0.8081751054852321 0.8839310829817159 0.283438818565401 0.2321378340365684
0 0.564029535864979 0.10840365682137833 0.2548523206751054 0.1968354430379747
0 0.8052215189873417 0.10346343178621659 0.24715189873417728 0.17612517580872014
0 0.05218881856540084 0.6479254571026722 0.10437763713080168 0.22619549929676505
0 0.06761603375527427 0.2761427566807314 0.13523206751054853 0.24215893108298178