0 0.21787499999999999 0.07585937499999999 0.12020312500000001 0.11414062499999997
0 0.352515625 0.129171875 0.12934374999999995 0.13767187499999997
0 0.22762500000000002 0.19889062500000002 0.14693750000000003 0.13981249999999998
0 0.14054687500000002 0.274578125 0.11007812500000003 0.10692187500000001
0 0.22907812500000002 0.32934375 0.130546875 0.13334374999999996
0 0.125375 0.393796875 0.12790624999999997 0.13940624999999995
0 0.359625 0.27146875000000004 0.12187499999999996 0.13442187499999997
0 0.47912499999999997 0.07128124999999999 0.14948437499999995 0.14256249999999998
0 0.48510937500000006 0.210921875 0.15829687499999992 0.14775
0 0.48590625000000004 0.33790624999999996 0.144140625 0.14678125000000003
0 0.35734374999999996 0.40579687499999995 0.14193750000000005 0.13939062500000002
0 0.224703125 0.47385937499999997 0.131546875 0.1291875000000001
0 0.114546875 0.537296875 0.11895312499999999 0.11443750000000001
0 0.230671875 0.60275 0.137203125 0.13835937499999992
0 0.35403124999999996 0.527359375 0.13846874999999997 0.13546875000000008
0 0.119828125 0.666 0.14365624999999999 0.14526562500000004
0 0.3486875 0.6545156249999999 0.14035937499999998 0.150609375
0 0.22745312499999998 0.7363125 0.132328125 0.14426562499999998
0 0.11762500000000001 0.7885625 0.126671875 0.12918749999999993
0 0.196609375 0.8622343750000001 0.10842187500000003 0.12545312499999994
0 0.33971874999999996 0.818 0.144453125 0.1471562500000001
0 0.5894375000000001 0.8459218749999999 0.2064375 0.19828125000000005
0 0.4915625 0.768671875 0.13028125 0.12245312500000001
0 0.494078125 0.668359375 0.1542031249999999 0.15943749999999995
0 0.58425 0.653859375 0.1425625 0.15560937500000005
0 0.707609375 0.636015625 0.14098437500000002 0.13562499999999994
0 0.7102031249999999 0.74815625 0.14995312500000005 0.15065624999999994
0 0.5866875 0.5240625 0.12856249999999997 0.11787500000000009
0 0.7006875 0.519890625 0.12839062499999992 0.1299843750000001
0 0.711546875 0.374109375 0.134375 0.13581249999999997
0 0.59721875 0.431328125 0.12760937499999994 0.11964062500000003
0 0.60446875 0.311671875 0.12320312500000004 0.12737499999999996
0 0.5955781250000001 0.19740625 0.11959374999999994 0.13801562499999998
0 0.69825 0.072453125 0.140828125 0.139875
0 0.7028125000000001 0.2050625 0.13421874999999997 0.14545312500000002
0 0.8699843749999999 0.14160937499999998 0.15734375000000006 0.14757812499999998
0 0.891390625 0.425296875 0.16364062500000004 0.15165625000000005
0 0.893359375 0.5515625 0.14712500000000012 0.13825000000000004
0 0.8943749999999999 0.680296875 0.153890625 0.143953125
0 0.90815625 0.8012812500000001 0.14523437500000008 0.14360937500000004
0 0.04678125 0.19578125 0.0935625 0.16168749999999998
0 0.09790625 0.9316093750000001 0.13579687499999998 0.13676562499999995