0 0.7921296296296296 0.8188335905349794 0.1812371399176954 0.16981738683127567
0 0.644142232510288 0.9002057613168724 0.16898148148148134 0.162422839506173
0 0.764377572016461 0.9269868827160495 0.16198559670781895 0.1460262345679012
0 0.5062821502057613 0.9317129629629629 0.1671939300411523 0.1365740740740742
0 0.6286715534979423 0.9933770576131687 0.1272505144032922 0.013245884773662434
0 0.6575874485596708 0.7547903806584362 0.18527520576131687 0.20814043209876548
0 0.5218942901234568 0.8270640432098766 0.1603009259259258 0.16210133744855978
0 0.6651234567901234 0.5978652263374485 0.16926440329218118 0.18152006172839505
0 0.5305041152263374 0.6562821502057613 0.17638888888888893 0.19393004115226337
0 0.7968042695473252 0.6791730967078189 0.20201903292181062 0.16711676954732507
0 0.7836162551440329 0.5727237654320988 0.1533050411522634 0.15837191358024683
0 0.8104166666666667 0.40522119341563784 0.14462448559670785 0.1580504115226338
0 0.6946116255144033 0.48344264403292175 0.12343106995884767 0.1329732510288066
0 0.5361754115226337 0.5079732510288066 0.18494084362139931 0.18557098765432103
0 0.5662165637860083 0.3562242798353909 0.14799382716049378 0.15123456790123452
0 0.444579475308642 0.3004758230452675 0.14112654320987655 0.1561856995884773
0 0.4596707818930041 0.1612011316872428 0.1429140946502058 0.1597222222222222
0 0.5829668209876543 0.2222222222222222 0.14791666666666675 0.1460262345679012
0 0.5970100308641975 0.09506815843621401 0.1444701646090536 0.1476337448559671
0 0.7147376543209876 0.18020190329218108 0.15700874485596708 0.1741255144032922
0 0.6969135802469135 0.3280606995884774 0.15667438271604933 0.15155606995884774
0 0.809375 0.24103009259259262 0.15496399176954728 0.15322788065843618
0 0.8277199074074074 0.11664094650205763 0.11985596707818916 0.12590020576131689
0 0.9230581275720167 0.1887860082304527 0.1515689300411525 0.1583076131687243
0 0.9156635802469135 0.3361625514403292 0.1620370370370369 0.16216563786008228
0 0.8965020576131688 0.5742991255144033 0.15159465020576116 0.16004372427983546
0 0.8909979423868314 0.47681970164609055 0.17421553497942377 0.16435185185185178
0 0.34372427983539094 0.945923353909465 0.18225308641975305 0.10815329218106998
0 0.2583269032921811 0.91284079218107 0.1550668724279836 0.16017232510288082
0 0.024363425925925927 0.8882780349794239 0.048726851851851855 0.15155606995884774
0 0.11894933127572016 0.9406828703703702 0.15222479423868313 0.08545524691358015
0 0.11532278806584362 0.8337191358024693 0.16201131687242798 0.16042952674897115
0 0.3636509773662551 0.838573816872428 0.15848765432098766 0.15682870370370378
0 0.26804269547325105 0.7846579218106995 0.1565972222222222 0.14634773662551442
0 0.38102494855967073 0.7210969650205761 0.15879629629629635 0.1776620370370371
0 0.29746013374485597 0.6163837448559671 0.19579475308641975 0.21547067901234562
0 0.1341820987654321 0.674607767489712 0.19916409465020576 0.20865483539094656
0 0.031777263374485595 0.7261766975308642 0.06355452674897119 0.1884645061728395
0 0.04499742798353909 0.5721129115226338 0.08999485596707818 0.16853137860082315
0 0.14933770576131689 0.5309927983539094 0.1917824074074074 0.17888374485596714
0 0.3183513374485597 0.4373713991769547 0.20248199588477364 0.19836676954732507
0 0.16182484567901237 0.3916216563786008 0.17975823045267492 0.18711419753086428
0 0.05043081275720165 0.4247042181069959 0.1008616255144033 0.16885288065843618
0 0.05907278806584362 0.29227752057613166 0.11003086419753087 0.16544495884773663
0 0.1728587962962963 0.23308899176954734 0.17610596707818932 0.17483281893004113
0 0.33428497942386826 0.18261316872427985 0.17115483539094653 0.1920010288065844
0 0.19146090534979424 0.09133873456790124 0.18305041152263377 0.17509002057613168
0 0.07049897119341564 0.16589506172839508 0.10464248971193414 0.15309927983539096
0 0.08627829218106996 0.038805298353909466 0.10174897119341564 0.0749099794238683