0 0.1826875 0.260484375 0.149265625 0.134765625
0 0.30793750000000003 0.16996875 0.13953125000000002 0.129390625
0 0.19734374999999998 0.154609375 0.13228125 0.12676562499999997
0 0.42718749999999994 0.10921875 0.13815624999999998 0.1409375
0 0.31015625 0.0421875 0.1109375 0.084375
0 0.3095625 0.30256249999999996 0.14987500000000004 0.167984375
0 0.42309374999999994 0.22234375 0.13151562499999997 0.129484375
0 0.316046875 0.444015625 0.13815625000000004 0.1468125
0 0.43165624999999996 0.376625 0.14401562499999998 0.15557812499999998
0 0.1915625 0.385265625 0.1685625 0.12964062500000004
0 0.21354687499999997 0.478734375 0.12456249999999998 0.12671875000000005
0 0.204671875 0.63203125 0.11762499999999998 0.12768750000000004
0 0.30053125 0.54903125 0.10001562499999998 0.10834375000000004
0 0.43984375 0.509046875 0.15110937500000002 0.14878125000000003
0 0.427109375 0.648453125 0.12101562500000003 0.12193749999999995
0 0.5407031250000001 0.68528125 0.11360937500000005 0.12614062500000003
0 0.54025 0.8120156250000001 0.11576562500000005 0.12956250000000002
0 0.424484375 0.7705625 0.12193749999999999 0.1161093750000001
0 0.42393749999999997 0.888296875 0.11839062499999997 0.12157812499999991
0 0.310875 0.8227499999999999 0.126875 0.14021875
0 0.313421875 0.68865625 0.1295 0.12053124999999998
0 0.22057812499999999 0.779125 0.12781250000000002 0.12243749999999994
0 0.216015625 0.892453125 0.098640625 0.10212499999999984
0 0.116234375 0.8385781250000001 0.136453125 0.12710937499999994
0 0.10565625000000001 0.70703125 0.15728124999999998 0.1295
0 0.112453125 0.490703125 0.12395312499999997 0.12750000000000003
0 0.125953125 0.5774375 0.14385937499999998 0.129296875
0 0.571265625 0.06921875 0.15467187500000001 0.1335
0 0.6516875 0.11615625 0.12718749999999995 0.12859375
0 0.91934375 0.104171875 0.1438593749999999 0.140125
0 0.7744843749999999 0.05371875 0.13196874999999997 0.1074375
0 0.785828125 0.17110937499999998 0.13306249999999994 0.12734374999999998
0 0.563703125 0.19423437500000001 0.13028125 0.12421875
0 0.653625 0.23176562500000003 0.1295 0.11590625000000002
0 0.5596875 0.30125 0.1284218749999999 0.14375
0 0.643734375 0.385625 0.15914062500000004 0.17514062500000005
0 0.7835156249999999 0.315765625 0.16237499999999994 0.166609375
0 0.9252499999999999 0.256078125 0.1495000000000001 0.15992187500000002
0 0.9144062500000001 0.396 0.15003124999999998 0.14185937499999998
0 0.7838125 0.44571875 0.15806250000000005 0.14250000000000002
0 0.6412656250000001 0.54846875 0.16654687500000004 0.15815625000000005
0 0.7854375000000001 0.571515625 0.146171875 0.150203125
0 0.9221562499999999 0.5304375 0.15567187499999982 0.14215625000000004
0 0.9174843750000001 0.64928125 0.14632812500000014 0.13904687500000001
0 0.7896093750000001 0.714515625 0.14525000000000005 0.13831249999999998
0 0.65 0.7780624999999999 0.13923437500000002 0.15579687499999997
0 0.7870625 0.854640625 0.14787500000000006 0.16078125000000004
0 0.9196562500000001 0.764421875 0.14448437500000005 0.128515625
0 0.91246875 0.9215781249999999 0.13167187499999997 0.14029687499999993