0 0.6615347373517309 0.13073105785524086 0.17759622367465502 0.1875695957395304
0 0.7825465988864682 0.23539699830549501 0.1692326313241346 0.1744371822803196
0 0.7728152989590897 0.12011619462599857 0.1642338416848222 0.1678649237472767
0 0.8732933914306463 0.3422900024207214 0.18069474703461652 0.17615589445654808
0 0.9038610505930768 0.20933188090050836 0.09504962478818692 0.1297748729121278
0 0.6488562091503268 0.2695412732994432 0.21203098523359967 0.1959937061244251
0 0.756917211328976 0.3659404502541757 0.16750181554103133 0.16788913096102634
0 0.5060578552408618 0.3117889130961027 0.18562091503267977 0.17782619220527715
0 0.6026083272815299 0.4130053255870249 0.1971798595981602 0.18608085209392403
0 0.5367586540789155 0.16984386347131444 0.1778625030259017 0.20554345194868068
0 0.4461994674412975 0.21574679254417817 0.162478818687969 0.15968288549987897
0 0.28808399903171145 0.24399055918663762 0.16238198983297025 0.1531469377874607
0 0.3956063907044299 0.32159283466473015 0.1358992979908013 0.1300774630839991
0 0.4688332122972646 0.4528685548293392 0.19237472766884534 0.19258048898571775
0 0.3247034616315662 0.4746792544178165 0.15587024933430157 0.1547325102880658
0 0.31387678528201407 0.5987956911159525 0.15904139433551204 0.1482207697893974
0 0.18513677075768575 0.6297083030743161 0.16235778261922054 0.1515129508593561
0 0.19929193899782136 0.5015311062696683 0.15096828854998784 0.15469619946744126
0 0.0795751633986928 0.5300593076736868 0.15584604212055192 0.15309852335996144
0 0.11910554345194868 0.39880174291938997 0.1772573226821593 0.16469377874606642
0 0.25682038247397726 0.36877269426289033 0.15762527233115473 0.16291454853546355
0 0.1418724279835391 0.29601791333817473 0.15923505204550958 0.16129266521423383
0 0.04548535463568143 0.31979544904381507 0.09097070927136286 0.1265190026627935
0 0.07019486807068506 0.20477487291212781 0.14038973614137013 0.17098765432098767
0 0.18798717017671265 0.16154078915516826 0.17442507867344467 0.19408133623819898
0 0.4100944081336238 0.11579520697167757 0.16408859840232387 0.15806100217864927
0 0.3254236262406197 0.15030259017187123 0.1709392398934883 0.17935124667150812
0 0.9268034374243524 0.4807734204793029 0.13511256354393605 0.18725490196078434
0 0.9148269184216897 0.5721980150084726 0.15596707818930045 0.1612684580004843
0 0.94779109174534 0.8290062938755749 0.08243766642459456 0.16072379569111586
0 0.9662975066569838 0.6828854998789641 0.04968530622125391 0.15557976276930535
0 0.8962720890825465 0.7215867828612926 0.16586782861292676 0.1678770273541514
0 0.8194504962478818 0.5020394577584121 0.16255144032921817 0.1645848462841925
0 0.802438876785282 0.6024146695715323 0.15269910433309128 0.1612442507867346
0 0.7088295812152021 0.5232812878237715 0.18057371096586794 0.1679859598160253
0 0.6435185185185185 0.6298353909465021 0.22037037037037038 0.20749213265553132
0 0.7478879206003389 0.7548051319293151 0.2138586298717018 0.20907770515613647
0 0.8393427741466958 0.8690571290244492 0.19686516581941427 0.16483902202856435
0 0.6959331880900509 0.8974098281287824 0.17896393125151308 0.16960784313725483
0 0.6150387315419996 0.7873214717985959 0.18754538852578076 0.1974461389494069
0 0.47708787218591137 0.6678225611232148 0.20571290244492865 0.21065117404986694
0 0.4879084967320262 0.8198801742919389 0.1923021060275962 0.18767852820140402
0 0.5598523359961268 0.925 0.17874606632776563 0.14999999999999994
0 0.43707334785766155 0.9400750423626241 0.17501815541031224 0.11984991527475178
0 0.34269547325102884 0.8596586782861292 0.18081578310336474 0.18432582909707104
0 0.24570321955942873 0.7331094166061487 0.19713144517066086 0.18281287823771486
0 0.20006656983781165 0.8904684095860567 0.20381263616557732 0.19266521423384156
0 0.32163519728879203 0.9560094408133624 0.16309610263858623 0.08798111837327521
0 0.16857903655289277 0.9742374727668845 0.1609053497942387 0.05152505446623089